scheme,fold,seed,initial_lr,epoch,optimizer_step,learning_rate,train_loss,val_mae
primary,0,101,1e-05,1,7,1e-05,0.4937294859971319,3.3647197376598013
primary,0,101,1e-05,2,14,9.99938933078422e-06,0.5251445301941463,3.3536612770774146
primary,0,101,1e-05,3,21,9.997557473810373e-06,0.5458930517945971,3.3498028841885654
primary,0,101,1e-05,4,28,9.994504881061752e-06,0.4926153612988336,3.3482760805072207
primary,0,101,1e-05,5,35,9.990232305719944e-06,0.49383438910756794,3.346474618622751
primary,0,101,1e-05,6,42,9.984740801978984e-06,0.5470515617302486,3.3427098592122397
primary,0,101,1e-05,7,49,9.978031724785247e-06,0.5179756028311593,3.340222214207505
primary,0,101,1e-05,8,56,9.97010672950314e-06,0.4870392893041883,3.339758439497514
primary,0,101,1e-05,9,63,9.960967771506666e-06,0.5247592074530465,3.3393758138020835
primary,0,101,1e-05,10,70,9.950617105696961e-06,0.4751640462449619,3.3385305693655303
primary,0,101,1e-05,11,77,9.939057285945933e-06,0.4923584461212158,3.33739101525509
primary,0,101,1e-05,12,84,9.926291164466131e-06,0.526431896856853,3.336863662257339
primary,0,101,1e-05,13,91,9.91232189110701e-06,0.5390290937253407,3.334575537479285
primary,0,101,1e-05,14,98,9.897152912577742e-06,0.5472214009080615,3.333472974372633
primary,0,101,1e-05,15,105,9.8807879715968e-06,0.483926171702998,3.3319221265388257
primary,0,101,1e-05,16,112,9.8632311059685e-06,0.48560210530247006,3.3374028061375474
primary,0,101,1e-05,17,119,9.844486647586724e-06,0.7093846712793622,3.3317549734404595
primary,0,101,1e-05,18,126,9.824559221366101e-06,0.4997540201459612,3.334909612482244
primary,0,101,1e-05,19,133,9.803453744100868e-06,0.491343155503273,3.342709628018466
primary,0,101,1e-05,20,140,9.781175423251734e-06,0.4678176503096308,3.3398220177852744
primary,0,101,1e-05,21,147,9.757729755661012e-06,0.5207521574837821,3.338060090036103
primary,0,101,1e-05,22,154,9.73312252619635e-06,0.5611486903258732,3.329956748268821
primary,0,101,1e-05,23,161,9.707359806323418e-06,0.5964169246809823,3.3294941295276987
primary,0,101,1e-05,24,168,9.680447952607845e-06,0.4731175612126078,3.327070294004498
primary,0,101,1e-05,25,175,9.652393605146845e-06,0.48090046112026485,3.322874820593632
primary,0,101,1e-05,26,182,9.62320368593087e-06,0.4588423880881497,3.3181221701882104
primary,0,101,1e-05,27,189,9.592885397135707e-06,0.5322023715291705,3.3161560983368843
primary,0,101,1e-05,28,196,9.561446219345455e-06,0.4576420722795384,3.3158139315518467
primary,0,101,1e-05,29,203,9.528893909706798e-06,0.5019384324550629,3.311770352450284
primary,0,101,1e-05,30,210,9.495236500015048e-06,0.5446593335696629,3.3113095832593515
primary,0,101,1e-05,31,217,9.460482294732422e-06,0.5892222481114524,3.3083415175929214
primary,0,101,1e-05,32,224,9.424639868939035e-06,0.5630463404314858,3.3118706905480586
primary,0,101,1e-05,33,231,9.387718066217125e-06,0.5538953457559858,3.30485234116063
primary,0,101,1e-05,34,238,9.349725996469047e-06,0.5532030037471226,3.308474454012784
primary,0,101,1e-05,35,245,9.310673033669522e-06,0.506612920335361,3.312022353663589
primary,0,101,1e-05,36,252,9.270568813552757e-06,0.4751014728099108,3.306590455951113
primary,0,101,1e-05,37,259,9.229423231234975e-06,0.5856872498989105,3.3125954830285274
primary,0,101,1e-05,38,266,9.18724643877294e-06,0.5080124565533229,3.321229414506392
primary,0,101,1e-05,39,273,9.144048842659081e-06,0.5240346321037838,3.322928457549124
primary,0,101,1e-05,40,280,9.099841101253867e-06,0.48687317967414856,3.318821993741122
primary,0,101,1e-05,41,287,9.054634122155991e-06,0.47292680965204326,3.314686630711411
primary,0,101,1e-05,42,294,9.0084390595111e-06,0.46264368082795826,3.3127189405036694
primary,0,101,1e-05,43,301,8.961267311259668e-06,0.4843515083193779,3.2992937492601797
primary,0,101,1e-05,44,308,8.913130516324733e-06,0.5311191848346165,3.2897220958362925
primary,0,101,1e-05,45,315,8.864040551740158e-06,0.4721481219998428,3.2856711185339726
primary,0,101,1e-05,46,322,8.814009529720155e-06,0.4946794467312949,3.2769634362423057
primary,0,101,1e-05,47,329,8.763049794670776e-06,0.5035895875522068,3.2739070545543325
primary,0,101,1e-05,48,336,8.711173920144118e-06,0.5711037303720202,3.2691960190281724
primary,0,101,1e-05,49,343,8.658394705735988e-06,0.4772616901568004,3.2660136367335464
primary,0,101,1e-05,50,350,8.604725173927786e-06,0.5661120627607618,3.267114119096236
primary,0,101,1e-05,51,357,8.550178566873412e-06,0.48532465526035856,3.2617730805368135
primary,0,101,1e-05,52,364,8.494768343131955e-06,0.466746985912323,3.257271506569602
primary,0,101,1e-05,53,371,8.43850817434701e-06,0.4619254584956382,3.2608413696289062
primary,0,101,1e-05,54,378,8.381411941873379e-06,0.4796558256660189,3.259788744377367
primary,0,101,1e-05,55,385,8.323493733352078e-06,0.521500962121146,3.258564110958215
primary,0,101,1e-05,56,392,8.26476783923441e-06,0.5278408612523761,3.2619695952444365
primary,0,101,1e-05,57,399,8.205248749256014e-06,0.471574406804783,3.267014012192235
primary,0,101,1e-05,58,406,8.144951148861743e-06,0.675480957542147,3.2736513542406485
primary,0,101,1e-05,59,413,8.083889915582235e-06,0.4670348976339613,3.2696533203125
primary,0,101,1e-05,60,420,8.022080115363127e-06,0.47568663528987337,3.257806720155658
primary,0,101,1e-05,61,427,7.959536998847744e-06,0.6672208734921047,3.251135623816288
primary,0,101,1e-05,62,434,7.89627599761423e-06,0.4623493690575872,3.247019912257339
primary,0,101,1e-05,63,441,7.832312720368048e-06,0.49411978891917635,3.244471463290128
primary,0,101,1e-05,64,448,7.767662949090754e-06,0.8151357429368156,3.236220851089015
primary,0,101,1e-05,65,455,7.702342635146033e-06,0.5865175404718944,3.2318011197176846
primary,0,101,1e-05,66,462,7.636367895343947e-06,0.5861721847738538,3.2293100068063447
primary,0,101,1e-05,67,469,7.5697550079643376e-06,0.5400435711656298,3.2188482573538115
primary,0,101,1e-05,68,476,7.502520408740418e-06,0.4657147896609136,3.2166276411576704
primary,0,101,1e-05,69,483,7.43468068680349e-06,0.46555562942687956,3.2130940755208335
primary,0,101,1e-05,70,490,7.366252580589839e-06,0.45555227462734493,3.214592211174242
primary,0,101,1e-05,71,497,7.297252973710756e-06,0.4757755824497768,3.2133051554361978
primary,0,101,1e-05,72,504,7.227698890786779e-06,0.45539533346891403,3.2119196111505683
primary,0,101,1e-05,73,511,7.15760749324711e-06,0.4991472214460373,3.2058676517370976
primary,0,101,1e-05,74,518,7.086996075095289e-06,0.7825722438948495,3.203420465642756
primary,0,101,1e-05,75,525,7.015882058642164e-06,0.7761031133787972,3.202132947517164
primary,0,101,1e-05,76,532,6.9442829902071945e-06,0.4469697391614318,3.2067337036132812
primary,0,101,1e-05,77,539,6.8722165357891564e-06,0.49285875047956196,3.203919613000118
primary,0,101,1e-05,78,546,6.799700476707323e-06,0.5362862944602966,3.207091129187382
primary,0,101,1e-05,79,553,6.726752705214193e-06,0.48114737229687826,3.202499852035985
primary,0,101,1e-05,80,560,6.65339122008084e-06,0.4620877057313919,3.2005562059807056
primary,0,101,1e-05,81,567,6.57963412215599e-06,0.6229319317000253,3.190635912346117
primary,0,101,1e-05,82,574,6.505499609899905e-06,0.482810554759843,3.1807759602864585
primary,0,101,1e-05,83,581,6.431005974894185e-06,0.4609703836696489,3.173967072457978
primary,0,101,1e-05,84,588,6.356171597328595e-06,0.561785387141364,3.168424201734138
primary,0,101,1e-05,85,595,6.28101494146603e-06,0.5024975538253784,3.161729523629853
primary,0,101,1e-05,86,602,6.205554551086732e-06,0.5650479112352643,3.165620052453243
primary,0,101,1e-05,87,609,6.129809044912887e-06,0.4672676367419107,3.169465498490767
primary,0,101,1e-05,88,616,6.053797112014738e-06,0.46233341097831726,3.175970135313092
primary,0,101,1e-05,89,623,5.977537507199338e-06,0.47606181459767477,3.180414142030658
primary,0,101,1e-05,90,630,5.901049046383077e-06,0.5153493200029645,3.18115234375
primary,0,101,1e-05,91,637,5.824350601949143e-06,0.5034747677189964,3.171233437278054
primary,0,101,1e-05,92,644,5.7474610980910354e-06,0.6414080389908382,3.161278233383641
primary,0,101,1e-05,93,651,5.6703995061433075e-06,0.6421884979520526,3.153931357643821
primary,0,101,1e-05,94,658,5.5931848399006745e-06,0.6745339674609048,3.144287802956321
primary,0,101,1e-05,95,665,5.515836150926646e-06,0.4674095543367522,3.136101000236742
primary,0,101,1e-05,96,672,5.438372523852833e-06,0.498044239623206,3.128775856711648
primary,0,101,1e-05,97,679,5.360813071670101e-06,0.4863197718347822,3.1241124471028647
primary,0,101,1e-05,98,686,5.283176931012731e-06,0.5861954178128924,3.1193348277698862
primary,0,101,1e-05,99,693,5.205483257436735e-06,0.45137706292527063,3.1163397124319365
primary,0,101,1e-05,100,700,5.127751220693512e-06,0.44835339167288374,3.1121340664950283
primary,0,101,1e-05,101,707,5.05e-06,0.4754222312143871,3.1084881406841856
primary,0,101,1e-05,102,714,4.972248779306488e-06,0.6227119820458549,3.104417511911103
primary,0,101,1e-05,103,721,4.8945167425632645e-06,0.44824208106313435,3.102346709280303
primary,0,101,1e-05,104,728,4.816823068987269e-06,0.4551717223865645,3.1065273862896543
primary,0,101,1e-05,105,735,4.7391869283298985e-06,0.4718923739024571,3.108526981238163
primary,0,101,1e-05,106,742,4.661627476147168e-06,0.5336900949478149,3.104825106534091
primary,0,101,1e-05,107,749,4.584163849073354e-06,0.6537803922380719,3.1031554251006157
primary,0,101,1e-05,108,756,4.506815160099326e-06,0.42663890016930445,3.1061808268229165
primary,0,101,1e-05,109,763,4.429600493856694e-06,0.5281816124916077,3.108772971413352
primary,0,101,1e-05,110,770,4.352538901908967e-06,0.4855941576617105,3.1042697790897256
primary,0,101,1e-05,111,777,4.275649398050858e-06,0.5061284473964146,3.1069083936286694
primary,0,101,1e-05,112,784,4.198950953616922e-06,0.5149522083146232,3.1034185236150567
primary,0,101,1e-05,113,791,4.122462492800663e-06,0.4890518699373518,3.101784677216501
primary,0,101,1e-05,114,798,4.046202887985263e-06,0.4486159264509167,3.100301569158381
primary,0,101,1e-05,115,805,3.970190955087116e-06,0.607921587569373,3.100288159919508
primary,0,101,1e-05,116,812,3.894445448913268e-06,0.44175761339387726,3.100236834901752
primary,0,101,1e-05,117,819,3.818985058533969e-06,0.5015521262373243,3.0956867102420693
primary,0,101,1e-05,118,826,3.7438284026714044e-06,0.5704423359462193,3.0875482270211885
primary,0,101,1e-05,119,833,3.6689940251058153e-06,0.5138684170586723,3.0783693718187735
primary,0,101,1e-05,120,840,3.594500390100096e-06,0.48674934676715303,3.0751920757871685
primary,0,101,1e-05,121,847,3.5203658778440116e-06,0.6284854688814708,3.0720649488044507
primary,0,101,1e-05,122,854,3.4466087799191603e-06,0.440483369608996,3.069961779045336
primary,0,101,1e-05,123,861,3.3732472947858077e-06,0.49276074554239,3.0690004753343985
primary,0,101,1e-05,124,868,3.300299523292678e-06,0.4515722596219608,3.069380095510772
primary,0,101,1e-05,125,875,3.227783464210845e-06,0.4286393076181412,3.072359258478338
primary,0,101,1e-05,126,882,3.155717009792807e-06,0.4374655506440571,3.0769976991595644
primary,0,101,1e-05,127,889,3.0841179413578354e-06,0.48716819286346436,3.080966833866004
primary,0,101,1e-05,128,896,3.0130039249047117e-06,0.4225413831216948,3.080357638272372
primary,0,101,1e-05,129,903,2.9423925067528904e-06,0.5198154023715428,3.0760373202237217
primary,0,101,1e-05,130,910,2.87230110921322e-06,0.4653688371181488,3.069269122499408
primary,0,101,1e-05,131,917,2.8027470262892435e-06,0.4468760373336928,3.0688303167169746
primary,0,101,1e-05,132,924,2.7337474194101625e-06,0.45308039443833487,3.064350937352036
primary,0,101,1e-05,133,931,2.6653193131965085e-06,0.5485069496291024,3.0600602121064155
primary,0,101,1e-05,134,938,2.5974795912595824e-06,0.452700993844441,3.0561995072798296
primary,0,101,1e-05,135,945,2.530244992035662e-06,0.4351895499442305,3.0529928496389678
primary,0,101,1e-05,136,952,2.4636321046560533e-06,0.4447631857224873,3.0509699041193183
primary,0,101,1e-05,137,959,2.3976573648539653e-06,0.4208098961639085,3.04897724498402
primary,0,101,1e-05,138,966,2.332337050909247e-06,0.45198661727564676,3.0479421904592803
primary,0,101,1e-05,139,973,2.267687279631953e-06,0.43046197484883514,3.0479912035392993
primary,0,101,1e-05,140,980,2.2037240023857708e-06,0.46784826687404085,3.046916152491714
primary,0,101,1e-05,141,987,2.1404630011522584e-06,0.45080682954617907,3.045256874778054
primary,0,101,1e-05,142,994,2.0779198846368745e-06,0.4204229685710743,3.044760732939749
primary,0,101,1e-05,143,1001,2.0161100844177658e-06,0.49515819549560547,3.0443695530746924
primary,0,101,1e-05,144,1008,1.9550488511382593e-06,0.6916944980621338,3.0437760786576704
primary,0,101,1e-05,145,1015,1.894751250743986e-06,0.43829581898171455,3.042407411517519
primary,0,101,1e-05,146,1022,1.8352321607655916e-06,0.4484370968171528,3.041017705743963
primary,0,101,1e-05,147,1029,1.7765062666479242e-06,0.4792710542678833,3.0400103944720644
primary,0,101,1e-05,148,1036,1.7185880581266217e-06,0.426177122763225,3.038383946274266
primary,0,101,1e-05,149,1043,1.6614918256529908e-06,0.45510669478348326,3.0366881399443657
primary,0,101,1e-05,150,1050,1.6052316568680442e-06,0.4705128584589277,3.035361318877249
primary,0,101,1e-05,151,1057,1.5498214331265902e-06,0.5340254902839661,3.0349236690636836
primary,0,101,1e-05,152,1064,1.495274826072216e-06,0.4291278904836093,3.034151250665838
primary,0,101,1e-05,153,1071,1.441605294264014e-06,0.4578473259295736,3.0329714688387783
primary,0,101,1e-05,154,1078,1.3888260798558817e-06,0.4434076483760561,3.032185178814512
primary,0,101,1e-05,155,1085,1.3369502053292252e-06,0.4699289436851229,3.0319458932587593
primary,0,101,1e-05,156,1092,1.285990470279847e-06,0.4299746347990419,3.031205841989228
primary,0,101,1e-05,157,1099,1.2359594482598438e-06,0.7303634371076312,3.0308708422111743
primary,0,101,1e-05,158,1106,1.1868694836752686e-06,0.4173035752402419,3.0305691343365293
primary,0,101,1e-05,159,1113,1.1387326887403326e-06,0.46217213783945355,3.030012188535748
primary,0,101,1e-05,160,1120,1.0915609404889017e-06,0.4549840880291803,3.0294150150183476
primary,0,101,1e-05,161,1127,1.0453658778440107e-06,0.7214993919645037,3.028969735810251
primary,0,101,1e-05,162,1134,1.0001588987461348e-06,0.43810080736875534,3.028238469904119
primary,0,101,1e-05,163,1141,9.559511573409195e-07,0.48857968619891573,3.028182752204664
primary,0,101,1e-05,164,1148,9.127535612270632e-07,0.42095648630389143,3.0284164891098486
primary,0,101,1e-05,165,1155,8.705767687650265e-07,0.42212135983364923,3.0283073656486743
primary,0,101,1e-05,166,1162,8.294311864472448e-07,0.47973244956561495,3.0281057646780303
primary,0,101,1e-05,167,1169,7.893269663304784e-07,0.48463815450668335,3.0277800126509233
primary,0,101,1e-05,168,1176,7.50274003530953e-07,0.4874226131609508,3.0273439811937735
primary,0,101,1e-05,169,1183,7.122819337828752e-07,0.4484231248497963,3.027143536191998
primary,0,101,1e-05,170,1190,6.753601310609673e-07,0.4108908007453595,3.027125271883878
primary,0,101,1e-05,171,1197,6.395177052675794e-07,0.43370143483792034,3.0269622802734375
primary,0,101,1e-05,172,1204,6.047634999849531e-07,0.44436812826565336,3.027075334028764
primary,0,101,1e-05,173,1211,5.711060902932043e-07,0.4379911706117647,3.0268987019856772
primary,0,101,1e-05,174,1218,5.385537806545469e-07,0.438678183725902,3.0269805445815576
primary,0,101,1e-05,175,1225,5.071146028642944e-07,0.42565568323646275,3.0267290057558003
primary,0,101,1e-05,176,1232,4.7679631406913176e-07,0.4424327037164143,3.026372273763021
primary,0,101,1e-05,177,1239,4.4760639485315585e-07,0.4936264625617436,3.0259919600053267
primary,0,101,1e-05,178,1246,4.195520473921565e-07,0.7336662454264504,3.025715683445786
primary,0,101,1e-05,179,1253,3.92640193676584e-07,0.43243655455963953,3.0252888997395835
primary,0,101,1e-05,180,1260,3.668774738036508e-07,0.598536206143243,3.025094696969697
primary,0,101,1e-05,181,1267,3.4227024433899004e-07,0.43020119118903366,3.024660515062737
primary,0,101,1e-05,182,1274,3.188245767482659e-07,0.6284726943288531,3.024331063935251
primary,0,101,1e-05,183,1281,2.9654625589913237e-07,0.4304516911506653,3.0241535071170693
primary,0,101,1e-05,184,1288,2.754407786339001e-07,0.4714534154960087,3.0241079619436553
primary,0,101,1e-05,185,1295,2.555133524132767e-07,0.47861536485808237,3.024055249763258
primary,0,101,1e-05,186,1302,2.3676889403150103e-07,0.43017238697835375,3.0240233450224907
primary,0,101,1e-05,187,1309,2.1921202840320077e-07,0.5184220331055778,3.023897575609612
primary,0,101,1e-05,188,1316,2.0284708742225901e-07,0.5494177256311689,3.023907285748106
primary,0,101,1e-05,189,1323,1.8767810889299085e-07,0.4178429881909064,3.023849949692235
primary,0,101,1e-05,190,1330,1.7370883553386935e-07,0.6237858363560268,3.0236846461440576
primary,0,101,1e-05,191,1337,1.609427140540686e-07,0.6588616243430546,3.0235598015062735
primary,0,101,1e-05,192,1344,1.493828943030402e-07,0.4412671412740435,3.023340861002604
primary,0,101,1e-05,193,1351,1.3903222849333507e-07,0.45459215130124775,3.0231392600319604
primary,0,101,1e-05,194,1358,1.2989327049686101e-07,0.4281342262402177,3.022950605912642
primary,0,101,1e-05,195,1365,1.2196827521475402e-07,0.5083705868039813,3.0229110717773438
primary,0,101,1e-05,196,1372,1.1525919802101659e-07,0.48221356102398466,3.022864139441288
primary,0,101,1e-05,197,1379,1.097676942800558e-07,0.4976358030523573,3.0227968620531485
primary,0,101,1e-05,198,1386,1.0549511893824898e-07,0.41242911166877355,3.022704384543679
primary,0,101,1e-05,199,1393,1.0244252618962859e-07,0.45670399495533537,3.022640575062145
primary,0,101,1e-05,200,1400,1.006106692157801e-07,0.7259121281760079,3.0225684426047583
primary,0,101,0.0001,1,7,0.0001,0.4987181914704187,3.3295392123135654
primary,0,101,0.0001,2,14,9.99938933078422e-05,0.5319826262337821,3.3993171923088306
primary,0,101,0.0001,3,21,9.997557473810373e-05,0.5382145047187805,3.375804323138613
primary,0,101,0.0001,4,28,9.994504881061753e-05,0.4918644704989025,3.3235332604610557
primary,0,101,0.0001,5,35,9.990232305719945e-05,0.4927700062149337,3.298005537553267
primary,0,101,0.0001,6,42,9.984740801978984e-05,0.6044017629964011,3.2696905425100615
primary,0,101,0.0001,7,49,9.978031724785247e-05,0.5054501082215991,3.316386598529238
primary,0,101,0.0001,8,56,9.97010672950314e-05,0.4971661631550108,3.2488676128965435
primary,0,101,0.0001,9,63,9.960967771506667e-05,0.5261955346379962,3.22630009506688
primary,0,101,0.0001,10,70,9.95061710569696e-05,0.4508008116057941,3.234761093602036
primary,0,101,0.0001,11,77,9.939057285945933e-05,0.4745857428227152,3.1988714969519414
primary,0,101,0.0001,12,84,9.926291164466132e-05,0.4705562527690615,3.1630586566347065
primary,0,101,0.0001,13,91,9.91232189110701e-05,0.4884562896830695,3.138426578406132
primary,0,101,0.0001,14,98,9.897152912577741e-05,0.453173611845289,3.116129326097893
primary,0,101,0.0001,15,105,9.8807879715968e-05,0.4463550852877753,2.9794353138316763
primary,0,101,0.0001,16,112,9.8632311059685e-05,0.4338622582810266,2.9314848003965435
primary,0,101,0.0001,17,119,9.844486647586725e-05,0.7328967835221972,2.9193390354965674
primary,0,101,0.0001,18,126,9.824559221366101e-05,0.4438177634562765,2.908261848218513
primary,0,101,0.0001,19,133,9.803453744100869e-05,0.3896246999502182,3.02618408203125
primary,0,101,0.0001,20,140,9.781175423251735e-05,0.3843038606324366,2.964228543368253
primary,0,101,0.0001,21,147,9.757729755661011e-05,0.42993309029511045,2.944096651944247
primary,0,101,0.0001,22,154,9.73312252619635e-05,0.4117042326501438,2.9254196629379736
primary,0,101,0.0001,23,161,9.707359806323417e-05,0.36679406817295657,2.9371490478515625
primary,0,101,0.0001,24,168,9.680447952607845e-05,0.45149170075144085,2.9543487086440576
primary,0,101,0.0001,25,175,9.652393605146844e-05,0.35035279925380436,2.8341850511955493
primary,0,101,0.0001,26,182,9.623203685930869e-05,0.44672107696533203,2.832680442116477
primary,0,101,0.0001,27,189,9.592885397135707e-05,0.4368183783122471,3.069579384543679
primary,0,101,0.0001,28,196,9.561446219345454e-05,0.3765106201171875,2.8044657851710464
primary,0,101,0.0001,29,203,9.528893909706797e-05,0.38899268209934235,2.8386431607333096
primary,0,101,0.0001,30,210,9.495236500015047e-05,0.4584908315113613,2.7336060495087593
primary,0,101,0.0001,31,217,9.460482294732421e-05,0.44503078716141836,2.7587178548177085
primary,0,101,0.0001,32,224,9.424639868939033e-05,0.4230615666934422,2.7673735185102983
primary,0,101,0.0001,33,231,9.387718066217124e-05,0.408243080335004,2.7911737615411933
primary,0,101,0.0001,34,238,9.349725996469047e-05,0.44602538432393757,2.710486903335109
primary,0,101,0.0001,35,245,9.310673033669521e-05,0.36185147506850107,2.9005485303474194
primary,0,101,0.0001,36,252,9.270568813552756e-05,0.3338636074747358,2.759408661813447
primary,0,101,0.0001,37,259,9.229423231234974e-05,0.3820856511592865,2.6818863839814155
primary,0,101,0.0001,38,266,9.187246438772939e-05,0.3650500753096172,2.843097108783144
primary,0,101,0.0001,39,273,9.14404884265908e-05,0.4230755567550659,2.72966396447384
primary,0,101,0.0001,40,280,9.099841101253866e-05,0.3656687970672335,2.758334997928504
primary,0,101,0.0001,41,287,9.05463412215599e-05,0.3312185827110495,2.7380771058978457
primary,0,101,0.0001,42,294,9.0084390595111e-05,0.292821184865066,2.7685671719637783
primary,0,101,0.0001,43,301,8.961267311259666e-05,0.3438204101153782,2.7600028298117896
primary,0,101,0.0001,44,308,8.913130516324733e-05,0.3645214779036386,2.8114191691080728
primary,0,101,0.0001,45,315,8.864040551740158e-05,0.2967643535562924,2.7746117331764917
primary,0,101,0.0001,46,322,8.814009529720155e-05,0.33021901547908783,2.729835279060133
primary,0,101,0.0001,47,329,8.763049794670775e-05,0.3121598389531885,2.714419971812855
primary,0,101,0.0001,48,336,8.711173920144117e-05,0.37454540601798464,2.786074089281487
primary,0,101,0.0001,49,343,8.658394705735987e-05,0.39272692799568176,2.9097380204634233
primary,0,101,0.0001,50,350,8.604725173927785e-05,0.34180142836911337,2.74654804576527
primary,0,101,0.0001,51,357,8.55017856687341e-05,0.39520016738346647,2.8402178215258047
primary,0,101,0.0001,52,364,8.494768343131955e-05,0.31945130016122547,2.8245195330995503
primary,0,101,0.0001,53,371,8.438508174347009e-05,0.2789137981432889,2.812661835641572
primary,0,101,0.0001,54,378,8.381411941873378e-05,0.31192675339324133,2.79378925670277
primary,0,101,0.0001,55,385,8.323493733352077e-05,0.2618992512236998,2.842671249852036
primary,0,101,0.0001,56,392,8.26476783923441e-05,0.28193995356559753,2.8878860473632812
primary,0,101,0.0001,57,399,8.205248749256015e-05,0.36379132526261465,2.9188662442294033
primary,0,101,0.0001,58,406,8.144951148861742e-05,0.3008611141038792,2.8926324555368135
primary,0,101,0.0001,59,413,8.083889915582235e-05,0.45402935573032926,2.914305253462358
primary,0,101,0.0001,60,420,8.022080115363127e-05,0.30530988637890133,2.8520914713541665
primary,0,101,0.0001,61,427,7.959536998847744e-05,0.3271709084510803,3.023963465835109
primary,0,101,0.0001,62,434,7.89627599761423e-05,0.2505431711896173,3.3103612263997397
primary,0,101,0.0001,63,441,7.832312720368048e-05,0.27752934163436294,3.2669374870531485
primary,0,101,0.0001,64,448,7.767662949090753e-05,0.5152653945343835,2.9145907777728457
primary,0,101,0.0001,65,455,7.702342635146033e-05,0.31210474031312124,2.991242611046993
primary,0,101,0.0001,66,462,7.636367895343946e-05,0.30204926431179047,2.8687440120812617
primary,0,101,0.0001,67,469,7.569755007964338e-05,0.26239680259355475,2.7786002881599194
primary,0,101,0.001,1,7,0.001,0.8714108637401036,3.3401130907463306
primary,0,101,0.001,2,14,0.000999938933078422,0.6120027431419918,3.304090788870147
primary,0,101,0.001,3,21,0.0009997557473810372,0.591804849249976,3.2847798665364585
primary,0,101,0.001,4,28,0.0009994504881061753,0.4679613991507462,4.486062252160274
primary,0,101,0.001,5,35,0.0009990232305719944,0.5807280029569354,3.219888860529119
primary,0,101,0.001,6,42,0.0009984740801978985,0.5603378159659249,3.116178339177912
primary,0,101,0.001,7,49,0.0009978031724785245,0.48616773741585867,3.247572002988873
primary,0,101,0.001,8,56,0.000997010672950314,0.4215547543551241,2.696564876671993
primary,0,101,0.001,9,63,0.0009960967771506667,0.46196886897087097,3.643394932602391
primary,0,101,0.001,10,70,0.000995061710569696,0.5121699688690049,4.560452201149681
primary,0,101,0.001,11,77,0.0009939057285945933,0.48763589348111835,3.039649732185133
primary,0,101,0.001,12,84,0.000992629116446613,0.5514312216213771,2.6656415534741953
primary,0,101,0.001,13,91,0.000991232189110701,0.3870884853282145,3.2869119355172822
primary,0,101,0.001,14,98,0.0009897152912577741,0.48049007302948404,3.1680635394472065
primary,0,101,0.001,15,105,0.00098807879715968,0.3902547990104982,2.8477743900183476
primary,0,101,0.001,16,112,0.00098632311059685,0.45218460048948017,2.961614319772431
primary,0,101,0.001,17,119,0.0009844486647586723,0.5257003137043544,3.2321183175751655
primary,0,101,0.001,18,126,0.00098245592213661,0.4159337048019682,3.1584518895004736
primary,0,101,0.001,19,133,0.0009803453744100868,0.4413817312036242,4.350737831809304
primary,0,101,0.001,20,140,0.0009781175423251734,0.40333849830286844,2.838953307180694
primary,0,101,0.001,21,147,0.0009757729755661011,0.5522310010024479,3.2898603497129497
primary,0,101,0.001,22,154,0.0009733122526196349,0.2963062971830368,3.457308682528409
primary,0,101,0.001,23,161,0.0009707359806323416,0.3621889336832932,3.3023278207489937
primary,0,101,0.001,24,168,0.0009680447952607845,0.4735036620071956,4.849824500806404
primary,0,101,0.001,25,175,0.0009652393605146844,0.44640414842537474,2.955768007220644
primary,0,101,0.001,26,182,0.000962320368593087,0.3854835991348539,2.8003870646158853
primary,0,101,0.001,27,189,0.0009592885397135706,0.40995743444987703,3.411347129128196
primary,0,101,0.001,28,196,0.0009561446219345453,0.37886108670915875,2.6667889681729404
primary,0,101,0.001,29,203,0.0009528893909706797,0.2926583458070776,2.7461182565400093
primary,0,101,0.001,30,210,0.0009495236500015047,0.25692570422376904,2.7970895478219697
primary,0,101,0.001,31,217,0.0009460482294732421,0.3761219510010311,3.5875660289417612
primary,0,101,0.001,32,224,0.0009424639868939033,0.24828929879835673,2.951814940481475
primary,0,101,0.001,33,231,0.0009387718066217125,0.3696086193834032,3.545700304435961
primary,0,101,0.001,34,238,0.0009349725996469047,0.27681009231933523,3.2389715946081914
primary,0,101,0.001,35,245,0.0009310673033669522,0.317732854613236,3.1117597637754497
primary,0,101,0.001,36,252,0.0009270568813552756,0.3162449917622975,4.301343282063802
primary,0,101,0.001,37,259,0.0009229423231234975,0.40777755209377836,3.3294035015684185
primary,0,101,0.001,38,266,0.0009187246438772938,0.3239441237279347,3.443501096783262
primary,0,101,0.001,39,273,0.0009144048842659081,0.43176622475896564,3.110714305530895
primary,0,101,0.001,40,280,0.0009099841101253866,0.25727730989456177,3.125052480986624
primary,0,101,0.001,41,287,0.000905463412215599,0.21227087931973593,5.254427476362749
primary,0,101,0.001,42,294,0.0009008439059511099,0.4345219944204603,3.1806642936937735
primary,0,101,0.01,1,7,0.01,457.7930826374463,3825.9974254261365
primary,0,101,0.01,2,14,0.00999938933078422,1159.5628487723213,44169.16761363636
primary,0,101,0.01,3,21,0.009997557473810372,6309.80841936384,82589.92708333333
primary,0,101,0.01,4,28,0.009994504881061753,9250.552036830357,16686.60878314394
primary,0,101,0.01,5,35,0.009990232305719944,1924.1557312011719,799.3679262797037
primary,0,101,0.01,6,42,0.009984740801978984,1112.9587663922991,7161.245871803977
primary,0,101,0.01,7,49,0.009978031724785246,943.7027239118304,6781.783143939394
primary,0,101,0.01,8,56,0.00997010672950314,1224.5076729910713,3556.9338600852275
primary,0,101,0.01,9,63,0.009960967771506667,471.61275155203685,2421.7792931758995
primary,0,101,0.01,10,70,0.00995061710569696,528.7770385742188,402.71387643525094
primary,0,101,0.01,11,77,0.009939057285945933,133.3222242673593,356.4904868386009
primary,0,101,0.01,12,84,0.00992629116446613,41.958475181034636,126.93664273348722
primary,0,101,0.01,13,91,0.00991232189110701,9.296443751880101,3.3995770541104404
primary,0,101,0.01,14,98,0.00989715291257774,0.5724741518497467,3.402802207253196
primary,0,101,0.01,15,105,0.0098807879715968,0.4768118930847517,3.386145158247514
primary,0,101,0.01,16,112,0.0098632311059685,0.5020436729703631,3.374115683815696
primary,0,101,0.01,17,119,0.009844486647586723,0.7022099707807813,3.361135771780303
primary,0,101,0.01,18,126,0.0098245592213661,0.4733382962378008,3.3615128488251655
primary,0,101,0.01,19,133,0.009803453744100868,0.6924577578902245,3.361512617631392
primary,0,101,0.01,20,140,0.009781175423251734,0.4724193370368864,3.3595463145862925
primary,0,101,0.01,21,147,0.009757729755661011,0.5053635665348598,3.3582382202148438
primary,0,101,0.01,22,154,0.009733122526196349,0.5913308433123997,3.3551850752397017
primary,0,101,0.01,23,161,0.009707359806323416,0.5889570457594735,3.3574008363665957
primary,0,101,0.01,24,168,0.009680447952607845,0.47140186220141395,3.3601469560102983
primary,0,101,0.01,25,175,0.009652393605146845,0.4837226920894214,3.3609965931285513
primary,0,101,0.01,26,182,0.00962320368593087,0.47630026776875767,3.359609892874053
primary,0,101,0.01,27,189,0.009592885397135707,0.5291703683989388,3.3590034716057056
primary,0,101,0.01,28,196,0.009561446219345454,0.4710656402499548,3.3606003270004736
primary,0,101,0.01,29,203,0.009528893909706798,0.4867322934525354,3.3615803574070786
primary,0,101,0.01,30,210,0.009495236500015047,0.5249430281775338,3.3639581853693183
primary,0,101,0.01,31,217,0.00946048229473242,0.5659374594688416,3.372529463334517
primary,0,101,0.01,32,224,0.009424639868939034,0.5892592540809086,3.3800048828125
primary,0,101,0.01,33,231,0.009387718066217124,0.5519940555095673,3.374847412109375
primary,0,101,0.01,34,238,0.009349725996469048,0.5217081308364868,3.3778131658380683
primary,0,101,0.01,35,245,0.00931067303366952,0.5038378536701202,3.381616072221236
primary,0,101,0.01,36,252,0.009270568813552756,0.47510793020150494,3.3730732310901987
primary,0,101,0.01,37,259,0.009229423231234974,0.5810219347476959,3.371305292302912
primary,0,101,0.01,38,266,0.009187246438772938,0.507960604769843,3.3763628872958096
primary,0,101,0.01,39,273,0.009144048842659082,0.5210277267864772,3.3806998512961646
primary,0,101,0.01,40,280,0.009099841101253866,0.5199481291430337,3.3862408724698154
primary,0,101,0.01,41,287,0.00905463412215599,0.4780336349670376,3.3902019153941763
primary,0,101,0.01,42,294,0.0090084390595111,0.4851669690438679,3.3887821544300425
primary,0,101,0.01,43,301,0.008961267311259666,0.474511369929782,3.3805597478693183
primary,0,101,0.01,44,308,0.008913130516324731,0.5082426496914455,3.3753828568892046
primary,0,101,0.01,45,315,0.008864040551740157,0.4806502711560045,3.3752593994140625
primary,0,101,0.01,46,322,0.008814009529720154,0.4996434875896999,3.3688853870738638
primary,0,101,0.01,47,329,0.008763049794670776,0.4962202310562134,3.36265956994259
primary,0,101,0.01,48,336,0.008711173920144118,0.6148976811340877,3.3599601514411694
primary,0,101,0.01,49,343,0.008658394705735987,0.49943502247333527,3.3601864901455967
primary,0,101,0.01,50,350,0.008604725173927784,0.5512171941144126,3.361391472093987
primary,0,101,0.01,51,357,0.00855017856687341,0.49370548129081726,3.360118056788589
primary,0,101,0.01,52,364,0.008494768343131955,0.4740120904254062,3.3584259495590674
primary,1,101,1e-05,1,6,1e-05,0.5673792809247971,3.6374530214251894
primary,1,101,1e-05,2,12,9.99938933078422e-06,0.5626208086808523,3.6220878832267993
primary,1,101,1e-05,3,18,9.997557473810373e-06,0.5572971602280935,3.6283123131954307
primary,1,101,1e-05,4,24,9.994504881061752e-06,0.5472319920857748,3.638403690222538
primary,1,101,1e-05,5,30,9.990232305719944e-06,0.5555088967084885,3.637810909386837
primary,1,101,1e-05,6,36,9.984740801978984e-06,0.5551633735497793,3.637707565770005
primary,1,101,1e-05,7,42,9.978031724785247e-06,0.5546590040127436,3.6384018406723486
primary,1,101,1e-05,8,48,9.97010672950314e-06,0.5699682335058848,3.6455279263583096
primary,1,101,1e-05,9,54,9.960967771506666e-06,0.5581965347131094,3.6430215546579072
primary,1,101,1e-05,10,60,9.950617105696961e-06,0.576908528804779,3.6408693718187735
primary,1,101,1e-05,11,66,9.939057285945933e-06,0.5500656366348267,3.637691613399621
primary,1,101,1e-05,12,72,9.926291164466131e-06,0.5620646973450979,3.6359185883493135
primary,1,101,1e-05,13,78,9.91232189110701e-06,0.5427539000908533,3.6333585796934185
primary,1,101,1e-05,14,84,9.897152912577742e-06,0.5686779320240021,3.6346613566080728
primary,1,101,1e-05,15,90,9.8807879715968e-06,0.5629702806472778,3.6324872103604404
primary,1,101,1e-05,16,96,9.8632311059685e-06,0.5425422390302023,3.640016035600142
primary,1,101,1e-05,17,102,9.844486647586724e-06,0.549736499786377,3.6414677013050425
primary,1,101,1e-05,18,108,9.824559221366101e-06,0.5556301226218542,3.6405352968158144
primary,1,101,1e-05,19,114,9.803453744100868e-06,0.5357553660869598,3.6368292606238164
primary,1,101,1e-05,20,120,9.781175423251734e-06,0.5361701448758444,3.6346999659682764
primary,1,101,1e-05,21,126,9.757729755661012e-06,0.5365325560172399,3.632933183149858
primary,1,101,1e-05,22,132,9.73312252619635e-06,0.5493305971225103,3.6368410515062735
primary,1,101,1e-05,23,138,9.707359806323418e-06,0.5587336371342341,3.6373822761304453
primary,1,101,1e-05,24,144,9.680447952607845e-06,0.5479505310455958,3.6345175540808476
primary,1,101,1e-05,25,150,9.652393605146845e-06,0.5224908490975698,3.629324248342803
primary,1,101,1e-05,26,156,9.62320368593087e-06,0.5661386748154958,3.632621071555398
primary,1,101,1e-05,27,162,9.592885397135707e-06,0.5604842056830724,3.6331757054184424
primary,1,101,1e-05,28,168,9.561446219345455e-06,0.5471392273902893,3.6381646358605586
primary,1,101,1e-05,29,174,9.528893909706798e-06,0.5325603038072586,3.6369497125799004
primary,1,101,1e-05,30,180,9.495236500015048e-06,0.5459283093611399,3.628935611609257
primary,1,101,1e-05,31,186,9.460482294732422e-06,0.5327005585034689,3.6260637225526753
primary,1,101,1e-05,32,192,9.424639868939035e-06,0.5527925143639246,3.630552812056108
primary,1,101,0.0001,1,6,0.0001,0.5582236895958582,3.6193255800189394
primary,1,101,0.0001,2,12,9.99938933078422e-05,0.5918415089448293,3.568666631525213
primary,1,101,0.0001,3,18,9.997557473810373e-05,0.5623259345690409,3.771417097611861
primary,1,101,0.0001,4,24,9.994504881061753e-05,0.5604164401690165,3.6475046331232246
primary,1,101,0.0001,5,30,9.990232305719945e-05,0.5574157685041428,3.577691280480587
primary,1,101,0.0001,6,36,9.984740801978984e-05,0.5518230547507604,3.578470634691643
primary,1,101,0.0001,7,42,9.978031724785247e-05,0.5321002850929896,3.6546760327888257
primary,1,101,0.0001,8,48,9.97010672950314e-05,0.5367129494746526,3.658984328761245
primary,1,101,0.0001,9,54,9.960967771506667e-05,0.519125630458196,3.6044108072916665
primary,1,101,0.0001,10,60,9.95061710569696e-05,0.5306103924910227,3.597465977524266
primary,1,101,0.0001,11,66,9.939057285945933e-05,0.4980306228001912,3.608571601636482
primary,1,101,0.0001,12,72,9.926291164466132e-05,0.495266725619634,3.6386936072147256
primary,1,101,0.0001,13,78,9.91232189110701e-05,0.4860197852055232,3.686794396602746
primary,1,101,0.0001,14,84,9.897152912577741e-05,0.44969241817792255,3.734660293116714
primary,1,101,0.0001,15,90,9.8807879715968e-05,0.47924753030141193,3.8038163618607954
primary,1,101,0.0001,16,96,9.8632311059685e-05,0.4883294999599457,3.862743955669981
primary,1,101,0.0001,17,102,9.844486647586725e-05,0.4163345992565155,3.8770828247070312
primary,1,101,0.0001,18,108,9.824559221366101e-05,0.4334595551093419,3.9365380027077417
primary,1,101,0.0001,19,114,9.803453744100869e-05,0.4157467931509018,3.974520596590909
primary,1,101,0.0001,20,120,9.781175423251735e-05,0.42011405030886334,4.008312803326231
primary,1,101,0.0001,21,126,9.757729755661011e-05,0.423287312189738,4.0368633848248106
primary,1,101,0.0001,22,132,9.73312252619635e-05,0.433420571188132,4.041716835715554
primary,1,101,0.0001,23,138,9.707359806323417e-05,0.4387746701637904,4.143596533573035
primary,1,101,0.0001,24,144,9.680447952607845e-05,0.39534954726696014,4.344034830729167
primary,1,101,0.0001,25,150,9.652393605146844e-05,0.4374532302220662,4.139699762517756
primary,1,101,0.0001,26,156,9.623203685930869e-05,0.39393411576747894,4.097955877130682
primary,1,101,0.0001,27,162,9.592885397135707e-05,0.3873685300350189,4.124741756554806
primary,1,101,0.0001,28,168,9.561446219345454e-05,0.41907840967178345,4.073914961381392
primary,1,101,0.0001,29,174,9.528893909706797e-05,0.4112674544254939,4.0796661376953125
primary,1,101,0.0001,30,180,9.495236500015047e-05,0.40258213380972546,4.127560471043442
primary,1,101,0.0001,31,186,9.460482294732421e-05,0.35280130058526993,4.087262933904475
primary,1,101,0.0001,32,192,9.424639868939033e-05,0.39877256999413174,4.205977699973366
primary,1,101,0.001,1,6,0.001,0.9730111459891001,4.76968984892874
primary,1,101,0.001,2,12,0.000999938933078422,0.5765152325232824,3.673187949440696
primary,1,101,0.001,3,18,0.0009997557473810372,0.5812575618426005,4.000809871789181
primary,1,101,0.001,4,24,0.0009994504881061753,0.6071779479583105,3.8898357044566763
primary,1,101,0.001,5,30,0.0009990232305719944,0.515567272901535,3.8432286580403647
primary,1,101,0.001,6,36,0.0009984740801978985,0.5596131235361099,3.8327754627574575
primary,1,101,0.001,7,42,0.0009978031724785245,0.5580280472834905,4.025922139485677
primary,1,101,0.001,8,48,0.000997010672950314,0.5298309177160263,3.852810021602746
primary,1,101,0.001,9,54,0.0009960967771506667,0.44300875067710876,3.81653964880741
primary,1,101,0.001,10,60,0.000995061710569696,0.45549966394901276,4.135227550159801
primary,1,101,0.001,11,66,0.0009939057285945933,0.4928583949804306,3.600778984301018
primary,1,101,0.001,12,72,0.000992629116446613,0.5298299590746561,4.1306288748076465
primary,1,101,0.001,13,78,0.000991232189110701,0.422658567627271,5.497482993386009
primary,1,101,0.001,14,84,0.0009897152912577741,0.5614813367525736,3.6960897734670928
primary,1,101,0.001,15,90,0.00098807879715968,0.4498787671327591,3.7678042325106533
primary,1,101,0.001,16,96,0.00098632311059685,0.43898509442806244,4.414600950298888
primary,1,101,0.001,17,102,0.0009844486647586723,0.3677615573008855,4.106154701926491
primary,1,101,0.001,18,108,0.00098245592213661,0.4205099046230316,3.834558429140033
primary,1,101,0.001,19,114,0.0009803453744100868,0.39302342136700946,4.936619960900509
primary,1,101,0.001,20,120,0.0009781175423251734,0.3550337528189023,3.976105892296993
primary,1,101,0.001,21,126,0.0009757729755661011,0.32953352232774097,4.065275943640507
primary,1,101,0.001,22,132,0.0009733122526196349,0.35017664606372517,3.908225319602273
primary,1,101,0.001,23,138,0.0009707359806323416,0.3220764969786008,4.307003599224669
primary,1,101,0.001,24,144,0.0009680447952607845,0.3803688908616702,3.7605671738133286
primary,1,101,0.001,25,150,0.0009652393605146844,0.2982561339934667,4.310414400967685
primary,1,101,0.001,26,156,0.000962320368593087,0.303837592403094,3.7177193381569604
primary,1,101,0.001,27,162,0.0009592885397135706,0.34299832582473755,4.0358842791933
primary,1,101,0.001,28,168,0.0009561446219345453,0.26491518567005795,3.657774722937382
primary,1,101,0.001,29,174,0.0009528893909706797,0.270876611272494,3.534377589370265
primary,1,101,0.001,30,180,0.0009495236500015047,0.3479817708333333,3.954505342425722
primary,1,101,0.001,31,186,0.0009460482294732421,0.3057922621568044,3.4952401825875947
primary,1,101,0.001,32,192,0.0009424639868939033,0.2771032179395358,4.245457389137962
primary,1,101,0.001,33,198,0.0009387718066217125,0.29125651220480603,3.6926514596650093
primary,1,101,0.001,34,204,0.0009349725996469047,0.30725974092880887,3.8736276337594697
primary,1,101,0.001,35,210,0.0009310673033669522,0.24646298587322235,3.7628134525183476
primary,1,101,0.001,36,216,0.0009270568813552756,0.23707138746976852,3.823207970821496
primary,1,101,0.001,37,222,0.0009229423231234975,0.29988394925991696,3.9549073883981416
primary,1,101,0.001,38,228,0.0009187246438772938,0.19788466145594916,4.254611391009706
primary,1,101,0.001,39,234,0.0009144048842659081,0.22603309651215872,3.7205082286487925
primary,1,101,0.001,40,240,0.0009099841101253866,0.2036313327650229,3.468041506680575
primary,1,101,0.001,41,246,0.000905463412215599,0.21467800190051398,3.7156326987526636
primary,1,101,0.001,42,252,0.0009008439059511099,0.2499201794465383,3.794972159645774
primary,1,101,0.001,43,258,0.0008961267311259666,0.29399640361468,4.837327436967329
primary,1,101,0.001,44,264,0.0008913130516324732,0.2958789989352226,4.475516463771011
primary,1,101,0.001,45,270,0.0008864040551740157,0.28933998942375183,3.984118606104995
primary,1,101,0.001,46,276,0.0008814009529720154,0.21261565014719963,4.311429457231001
primary,1,101,0.001,47,282,0.0008763049794670775,0.16596284011999765,3.8562848640210703
primary,1,101,0.001,48,288,0.0008711173920144117,0.14317849402626356,3.6440540660511362
primary,1,101,0.001,49,294,0.0008658394705735987,0.14892404278119406,3.786707213430694
primary,1,101,0.001,50,300,0.0008604725173927785,0.14052454754710197,4.016511165734493
primary,1,101,0.001,51,306,0.000855017856687341,0.1344168297946453,4.040754954020183
primary,1,101,0.001,52,312,0.0008494768343131955,0.13006778682271639,4.324796040852864
primary,1,101,0.001,53,318,0.0008438508174347009,0.1878673997707665,3.6870500969164297
primary,1,101,0.001,54,324,0.0008381411941873378,0.25929249078035355,3.830253832267992
primary,1,101,0.001,55,330,0.0008323493733352077,0.23168650021155676,4.117869521632339
primary,1,101,0.001,56,336,0.000826476783923441,0.12265494714180629,3.573144854921283
primary,1,101,0.001,57,342,0.0008205248749256015,0.10163216541210811,4.588393124667081
primary,1,101,0.001,58,348,0.0008144951148861742,0.11021205130964518,4.172316117720171
primary,1,101,0.001,59,354,0.0008083889915582234,0.13212768360972404,4.05140327684807
primary,1,101,0.001,60,360,0.0008022080115363127,0.10893083550035954,3.6728923682010537
primary,1,101,0.001,61,366,0.0007959536998847743,0.1113158290584882,3.9249890645345054
primary,1,101,0.001,62,372,0.0007896275997614229,0.10413066608210404,3.7147709239612925
primary,1,101,0.001,63,378,0.0007832312720368048,0.10987800483902295,3.9097648389411694
primary,1,101,0.001,64,384,0.0007767662949090753,0.11929561446110408,3.7063337383848247
primary,1,101,0.001,65,390,0.0007702342635146033,0.11918313925464948,3.9244037974964487
primary,1,101,0.001,66,396,0.0007636367895343947,0.10731644555926323,3.9052845348011362
primary,1,101,0.001,67,402,0.0007569755007964338,0.11566206564505895,4.13048692183061
primary,1,101,0.001,68,408,0.0007502520408740418,0.14073273539543152,4.199298280658144
primary,1,101,0.001,69,414,0.000743468068680349,0.1512018914024035,3.8074359315814394
primary,1,101,0.001,70,420,0.0007366252580589839,0.127535168081522,3.8486658732096353
primary,1,101,0.01,1,6,0.01,26.66187745332718,1095.8417450875947
primary,1,101,0.01,2,12,0.00999938933078422,769.4012095133463,4673.211965849905
primary,1,101,0.01,3,18,0.009997557473810372,677.4637705485026,2293.358894116951
primary,1,101,0.01,4,24,0.009994504881061753,803.4081776936849,3375.945556640625
primary,1,101,0.01,5,30,0.009990232305719944,1583.7671610514324,2228.8114910703716
primary,1,101,0.01,6,36,0.009984740801978984,830.1495768229166,1002.8769838737719
primary,1,101,0.01,7,42,0.009978031724785246,446.4844106038411,1260.6226418235085
primary,1,101,0.01,8,48,0.00997010672950314,439.62794494628906,5075.742993903883
primary,1,101,0.01,9,54,0.009960967771506667,512.5409495035807,187.5581030412154
primary,1,101,0.01,10,60,0.00995061710569696,58.34051068623861,113.54004507353811
primary,1,101,0.01,11,66,0.009939057285945933,28.625741680463154,47.07613141608961
primary,1,101,0.01,12,72,0.00992629116446613,9.176062822341919,334.1023124926018
primary,1,101,0.01,13,78,0.00991232189110701,240.8969841003418,328.4621517296993
primary,1,101,0.01,14,84,0.00989715291257774,176.43639628092447,35.93669267134233
primary,1,101,0.01,15,90,0.0098807879715968,113.73866717020671,265.4685511733546
primary,1,101,0.01,16,96,0.0098632311059685,75.53038660685222,93.05197860255386
primary,1,101,0.01,17,102,0.009844486647586723,20.662967205047607,115.64550804369378
primary,1,101,0.01,18,108,0.0098245592213661,14.222232659657797,24.81247006040631
primary,1,101,0.01,19,114,0.009803453744100868,2.7494758665561676,31.05517948035038
primary,1,101,0.01,20,120,0.009781175423251734,0.7741444607575735,3.6268134839607007
primary,1,101,0.01,21,126,0.009757729755661011,0.599396675825119,3.6283185554273203
primary,1,101,0.01,22,132,0.009733122526196349,0.5556643356879553,3.644646846886837
primary,1,101,0.01,23,138,0.009707359806323416,0.5541908740997314,3.652399005311908
primary,1,101,0.01,24,144,0.009680447952607845,0.5539443294207255,3.6545442523378315
primary,1,101,0.01,25,150,0.009652393605146845,0.55435182650884,3.6524718313506157
primary,1,101,0.01,26,156,0.00962320368593087,0.5540463825066885,3.6574885050455728
primary,1,101,0.01,27,162,0.009592885397135707,0.5540762841701508,3.6574794884883994
primary,1,101,0.01,28,168,0.009561446219345454,0.5542134940624237,3.6597468058268228
primary,1,101,0.01,29,174,0.009528893909706798,0.5541163037220637,3.6592717026219224
primary,1,101,0.01,30,180,0.009495236500015047,0.5542599608500799,3.654438134395715
primary,1,101,0.01,31,186,0.00946048229473242,0.5539924403031667,3.6520376494436553
primary,1,101,0.01,32,192,0.009424639868939034,0.5542872746785482,3.6550047903349907
primary,1,101,0.01,33,198,0.009387718066217124,0.5541908095280329,3.651906562573982
primary,1,101,0.01,34,204,0.009349725996469048,0.5539574176073074,3.652761748342803
primary,1,101,0.01,35,210,0.00931067303366952,0.5538863241672516,3.6535177519827178
primary,1,101,0.01,36,216,0.009270568813552756,0.554225335518519,3.6559286406545928
primary,1,101,0.01,37,222,0.009229423231234974,0.5542861868937811,3.655419551964962
primary,1,101,0.01,38,228,0.009187246438772938,0.5540496905644735,3.656305255311908
primary,1,101,0.01,39,234,0.009144048842659082,0.5540619790554047,3.652728456439394
primary,1,101,0.01,40,240,0.009099841101253866,0.5544103682041168,3.649787671638258
primary,1,101,0.01,41,246,0.00905463412215599,0.5540891836086909,3.651047215317235
primary,1,101,0.01,42,252,0.0090084390595111,0.553970123330752,3.6528130733605586
primary,1,101,0.01,43,258,0.008961267311259666,0.554034580787023,3.6544637969045928
primary,1,101,0.01,44,264,0.008913130516324731,0.5539175669352213,3.6534109404592803
primary,1,101,0.01,45,270,0.008864040551740157,0.5541258007287979,3.65537724350438
primary,1,101,0.01,46,276,0.008814009529720154,0.5541893392801285,3.6539394494258994
primary,1,101,0.01,47,282,0.008763049794670776,0.55409308274587,3.6552121711499765
primary,1,101,0.01,48,288,0.008711173920144118,0.5539533744255701,3.654185670794863
primary,1,101,0.01,49,294,0.008658394705735987,0.5539327760537466,3.6528102990352744
primary,1,101,0.01,50,300,0.008604725173927784,0.5543514788150787,3.6551858150597774
primary,2,101,1e-05,1,7,1e-05,0.5114982878523213,3.648151159286499
primary,2,101,1e-05,2,14,9.99938933078422e-06,0.5473714257989611,3.6454572677612305
primary,2,101,1e-05,3,21,9.997557473810373e-06,0.6395771758896964,3.6412878036499023
primary,2,101,1e-05,4,28,9.994504881061752e-06,0.6807738755430494,3.6318793296813965
primary,2,101,1e-05,5,35,9.990232305719944e-06,0.6727137182440076,3.6270198822021484
primary,2,101,1e-05,6,42,9.984740801978984e-06,0.5972233031477246,3.6268928050994873
primary,2,101,1e-05,7,49,9.978031724785247e-06,0.5187995667968478,3.6258416175842285
primary,2,101,1e-05,8,56,9.97010672950314e-06,0.48260343580373694,3.621339797973633
primary,2,101,1e-05,9,63,9.960967771506666e-06,0.5656238666602543,3.6215293407440186
primary,2,101,1e-05,10,70,9.950617105696961e-06,0.5768088017191205,3.627204179763794
primary,2,101,1e-05,11,77,9.939057285945933e-06,0.5263181413922992,3.6273176670074463
primary,2,101,1e-05,12,84,9.926291164466131e-06,0.5210314307894025,3.6296308040618896
primary,2,101,1e-05,13,91,9.91232189110701e-06,0.6286276749202183,3.625196695327759
primary,2,101,1e-05,14,98,9.897152912577742e-06,0.5503946457590375,3.6244657039642334
primary,2,101,1e-05,15,105,9.8807879715968e-06,0.49336593065943035,3.6219289302825928
primary,2,101,1e-05,16,112,9.8632311059685e-06,0.563314152615411,3.6136770248413086
primary,2,101,1e-05,17,119,9.844486647586724e-06,0.5065405475241798,3.611009359359741
primary,2,101,1e-05,18,126,9.824559221366101e-06,0.4941496476531029,3.613212823867798
primary,2,101,1e-05,19,133,9.803453744100868e-06,0.5589020465101514,3.6178174018859863
primary,2,101,1e-05,20,140,9.781175423251734e-06,0.5122297640357699,3.6228268146514893
primary,2,101,1e-05,21,147,9.757729755661012e-06,0.5010335903082576,3.619529962539673
primary,2,101,1e-05,22,154,9.73312252619635e-06,0.4920604888881956,3.6174418926239014
primary,2,101,1e-05,23,161,9.707359806323418e-06,0.4924308206619961,3.606616973876953
primary,2,101,1e-05,24,168,9.680447952607845e-06,0.484759833663702,3.5970590114593506
primary,2,101,1e-05,25,175,9.652393605146845e-06,0.5736437014171055,3.5911154747009277
primary,2,101,1e-05,26,182,9.62320368593087e-06,0.5869824205126081,3.5892529487609863
primary,2,101,1e-05,27,189,9.592885397135707e-06,0.5425589169774737,3.5881640911102295
primary,2,101,1e-05,28,196,9.561446219345455e-06,0.5272033938339779,3.585922956466675
primary,2,101,1e-05,29,203,9.528893909706798e-06,0.49726672151259016,3.584261178970337
primary,2,101,1e-05,30,210,9.495236500015048e-06,0.546817251614162,3.5825459957122803
primary,2,101,1e-05,31,217,9.460482294732422e-06,0.48707011342048645,3.581230640411377
primary,2,101,1e-05,32,224,9.424639868939035e-06,0.597867339849472,3.5820815563201904
primary,2,101,1e-05,33,231,9.387718066217125e-06,0.6259965215410505,3.58459734916687
primary,2,101,1e-05,34,238,9.349725996469047e-06,0.6450700461864471,3.5898094177246094
primary,2,101,1e-05,35,245,9.310673033669522e-06,0.5356259771755764,3.591438055038452
primary,2,101,1e-05,36,252,9.270568813552757e-06,0.6145320619855609,3.5828096866607666
primary,2,101,1e-05,37,259,9.229423231234975e-06,0.470850456772106,3.577216386795044
primary,2,101,1e-05,38,266,9.18724643877294e-06,0.638965517282486,3.572230100631714
primary,2,101,1e-05,39,273,9.144048842659081e-06,0.6145924542631421,3.5692083835601807
primary,2,101,1e-05,40,280,9.099841101253867e-06,0.6153727727276939,3.563258409500122
primary,2,101,1e-05,41,287,9.054634122155991e-06,0.5636203246457236,3.557603597640991
primary,2,101,1e-05,42,294,9.0084390595111e-06,0.5269125614847455,3.5553736686706543
primary,2,101,1e-05,43,301,8.961267311259668e-06,0.49977501375334604,3.553346633911133
primary,2,101,1e-05,44,308,8.913130516324733e-06,0.5339514017105103,3.5502352714538574
primary,2,101,1e-05,45,315,8.864040551740158e-06,0.5326857651982989,3.5503382682800293
primary,2,101,1e-05,46,322,8.814009529720155e-06,0.47302029973694254,3.549654483795166
primary,2,101,1e-05,47,329,8.763049794670776e-06,0.4739097420658384,3.5451064109802246
primary,2,101,1e-05,48,336,8.711173920144118e-06,0.4820830449461937,3.538421630859375
primary,2,101,1e-05,49,343,8.658394705735988e-06,0.6600191039698464,3.5356552600860596
primary,2,101,1e-05,50,350,8.604725173927786e-06,0.4642924325806754,3.532829999923706
primary,2,101,1e-05,51,357,8.550178566873412e-06,0.518594571522304,3.530165672302246
primary,2,101,1e-05,52,364,8.494768343131955e-06,0.5090521829468864,3.5271852016448975
primary,2,101,1e-05,53,371,8.43850817434701e-06,0.4943147088800158,3.524791955947876
primary,2,101,1e-05,54,378,8.381411941873379e-06,0.6543281504086086,3.522440195083618
primary,2,101,1e-05,55,385,8.323493733352078e-06,0.5399762519768306,3.5201923847198486
primary,2,101,1e-05,56,392,8.26476783923441e-06,0.5154499539307186,3.517404317855835
primary,2,101,1e-05,57,399,8.205248749256014e-06,0.6443183038915906,3.5170717239379883
primary,2,101,1e-05,58,406,8.144951148861743e-06,0.5714614263602665,3.513805389404297
primary,2,101,1e-05,59,413,8.083889915582235e-06,0.46353706078869955,3.5090887546539307
primary,2,101,1e-05,60,420,8.022080115363127e-06,0.5871562148843493,3.5068538188934326
primary,2,101,1e-05,61,427,7.959536998847744e-06,0.45352172957999365,3.50443959236145
primary,2,101,1e-05,62,434,7.89627599761423e-06,0.5525699300425393,3.5020298957824707
primary,2,101,1e-05,63,441,7.832312720368048e-06,0.4995727666786739,3.4990177154541016
primary,2,101,1e-05,64,448,7.767662949090754e-06,0.4720341903822763,3.5007576942443848
primary,2,101,1e-05,65,455,7.702342635146033e-06,0.46763549532209125,3.503690004348755
primary,2,101,1e-05,66,462,7.636367895343947e-06,0.44878234514700516,3.505831003189087
primary,2,101,1e-05,67,469,7.5697550079643376e-06,0.4627483894250223,3.503873348236084
primary,2,101,1e-05,68,476,7.502520408740418e-06,0.4870560254369463,3.501833200454712
primary,2,101,1e-05,69,483,7.43468068680349e-06,0.4531878350036485,3.4991233348846436
primary,2,101,1e-05,70,490,7.366252580589839e-06,0.46126473801476614,3.4971845149993896
primary,2,101,1e-05,71,497,7.297252973710756e-06,0.5398762907300677,3.4922258853912354
primary,2,101,1e-05,72,504,7.227698890786779e-06,0.46949603089264463,3.4847769737243652
primary,2,101,1e-05,73,511,7.15760749324711e-06,0.48775563495499746,3.4760844707489014
primary,2,101,1e-05,74,518,7.086996075095289e-06,0.4497726389339992,3.4657065868377686
primary,2,101,1e-05,75,525,7.015882058642164e-06,0.45380143638301107,3.462756395339966
primary,2,101,1e-05,76,532,6.9442829902071945e-06,0.5796507937567574,3.459606647491455
primary,2,101,1e-05,77,539,6.8722165357891564e-06,0.5002515997205462,3.456214189529419
primary,2,101,1e-05,78,546,6.799700476707323e-06,0.5472027403967721,3.45295786857605
primary,2,101,1e-05,79,553,6.726752705214193e-06,0.44133750987904413,3.4494032859802246
primary,2,101,1e-05,80,560,6.65339122008084e-06,0.502289320741381,3.4458091259002686
primary,2,101,1e-05,81,567,6.57963412215599e-06,0.46703362677778515,3.4482789039611816
primary,2,101,1e-05,82,574,6.505499609899905e-06,0.44018117391637396,3.4460716247558594
primary,2,101,1e-05,83,581,6.431005974894185e-06,0.5358766029988017,3.4486660957336426
primary,2,101,1e-05,84,588,6.356171597328595e-06,0.46484842896461487,3.445408344268799
primary,2,101,1e-05,85,595,6.28101494146603e-06,0.4287161912236895,3.440911293029785
primary,2,101,1e-05,86,602,6.205554551086732e-06,0.44931796598913415,3.4401443004608154
primary,2,101,1e-05,87,609,6.129809044912887e-06,0.4458986097680671,3.435065269470215
primary,2,101,1e-05,88,616,6.053797112014738e-06,0.6347980116094861,3.4305760860443115
primary,2,101,1e-05,89,623,5.977537507199338e-06,0.4660800439970834,3.425426959991455
primary,2,101,1e-05,90,630,5.901049046383077e-06,0.43927922046610285,3.4218950271606445
primary,2,101,1e-05,91,637,5.824350601949143e-06,0.469494674886976,3.419914484024048
primary,2,101,1e-05,92,644,5.7474610980910354e-06,0.4346396470043276,3.418095827102661
primary,2,101,1e-05,93,651,5.6703995061433075e-06,0.5161866886275155,3.4161174297332764
primary,2,101,1e-05,94,658,5.5931848399006745e-06,0.48649135657719206,3.4155609607696533
primary,2,101,1e-05,95,665,5.515836150926646e-06,0.5127983604158673,3.411618947982788
primary,2,101,1e-05,96,672,5.438372523852833e-06,0.4431930940066065,3.4081931114196777
primary,2,101,1e-05,97,679,5.360813071670101e-06,0.5345241895743779,3.4054417610168457
primary,2,101,1e-05,98,686,5.283176931012731e-06,0.4367953748275925,3.40679931640625
primary,2,101,1e-05,99,693,5.205483257436735e-06,0.5430668251855033,3.406695604324341
primary,2,101,1e-05,100,700,5.127751220693512e-06,0.46590025297233034,3.404113531112671
primary,2,101,1e-05,101,707,5.05e-06,0.4160918550831931,3.404581308364868
primary,2,101,1e-05,102,714,4.972248779306488e-06,0.5585744466100421,3.4030117988586426
primary,2,101,1e-05,103,721,4.8945167425632645e-06,0.49730414152145386,3.399927854537964
primary,2,101,1e-05,104,728,4.816823068987269e-06,0.46725357856069294,3.395381450653076
primary,2,101,1e-05,105,735,4.7391869283298985e-06,0.42587301920035053,3.3951058387756348
primary,2,101,1e-05,106,742,4.661627476147168e-06,0.5306294241121837,3.397097110748291
primary,2,101,1e-05,107,749,4.584163849073354e-06,0.6278947847230094,3.393028974533081
primary,2,101,1e-05,108,756,4.506815160099326e-06,0.40743376274518334,3.389554023742676
primary,2,101,1e-05,109,763,4.429600493856694e-06,0.4586375483444759,3.387971878051758
primary,2,101,1e-05,110,770,4.352538901908967e-06,0.46474310755729675,3.38493013381958
primary,2,101,1e-05,111,777,4.275649398050858e-06,0.47957507201603483,3.379962921142578
primary,2,101,1e-05,112,784,4.198950953616922e-06,0.5351447633334568,3.377819776535034
primary,2,101,1e-05,113,791,4.122462492800663e-06,0.4475194811820984,3.3790442943573
primary,2,101,1e-05,114,798,4.046202887985263e-06,0.41791111124413355,3.3792331218719482
primary,2,101,1e-05,115,805,3.970190955087116e-06,0.5037911193711417,3.3799397945404053
primary,2,101,1e-05,116,812,3.894445448913268e-06,0.525075899703162,3.3808910846710205
primary,2,101,1e-05,117,819,3.818985058533969e-06,0.41882050882226657,3.3823306560516357
primary,2,101,1e-05,118,826,3.7438284026714044e-06,0.6568629315921238,3.3816139698028564
primary,2,101,1e-05,119,833,3.6689940251058153e-06,0.771031699010304,3.380321979522705
primary,2,101,1e-05,120,840,3.594500390100096e-06,0.4230098468916757,3.380239963531494
primary,2,101,1e-05,121,847,3.5203658778440116e-06,0.40324570797383785,3.379812002182007
primary,2,101,1e-05,122,854,3.4466087799191603e-06,0.496024170092174,3.378323554992676
primary,2,101,1e-05,123,861,3.3732472947858077e-06,0.5193238854408264,3.3773932456970215
primary,2,101,1e-05,124,868,3.300299523292678e-06,0.4200102968939713,3.373337745666504
primary,2,101,1e-05,125,875,3.227783464210845e-06,0.4529122837952205,3.371546506881714
primary,2,101,1e-05,126,882,3.155717009792807e-06,0.40253738686442375,3.3665852546691895
primary,2,101,1e-05,127,889,3.0841179413578354e-06,0.44972406114850727,3.3663268089294434
primary,2,101,1e-05,128,896,3.0130039249047117e-06,0.4151408922459398,3.366018295288086
primary,2,101,1e-05,129,903,2.9423925067528904e-06,0.5171136813504356,3.3643901348114014
primary,2,101,1e-05,130,910,2.87230110921322e-06,0.5469169318675995,3.3656516075134277
primary,2,101,1e-05,131,917,2.8027470262892435e-06,0.45109841227531433,3.3645246028900146
primary,2,101,1e-05,132,924,2.7337474194101625e-06,0.4943334587982723,3.3604907989501953
primary,2,101,1e-05,133,931,2.6653193131965085e-06,0.612050997359412,3.359466791152954
primary,2,101,1e-05,134,938,2.5974795912595824e-06,0.4753513847078596,3.3591792583465576
primary,2,101,1e-05,135,945,2.530244992035662e-06,0.5330069661140442,3.358616590499878
primary,2,101,1e-05,136,952,2.4636321046560533e-06,0.44215198925563265,3.3576090335845947
primary,2,101,1e-05,137,959,2.3976573648539653e-06,0.4604265136378152,3.356581926345825
primary,2,101,1e-05,138,966,2.332337050909247e-06,0.4430541438715799,3.3559768199920654
primary,2,101,1e-05,139,973,2.267687279631953e-06,0.4903713379587446,3.3553502559661865
primary,2,101,1e-05,140,980,2.2037240023857708e-06,0.6299520816121783,3.354966878890991
primary,2,101,1e-05,141,987,2.1404630011522584e-06,0.5134951727730888,3.3543944358825684
primary,2,101,1e-05,142,994,2.0779198846368745e-06,0.4240332054240363,3.354079008102417
primary,2,101,1e-05,143,1001,2.0161100844177658e-06,0.4226021042891911,3.3537144660949707
primary,2,101,1e-05,144,1008,1.9550488511382593e-06,0.4498288077967508,3.3533711433410645
primary,2,101,1e-05,145,1015,1.894751250743986e-06,0.4281491722379412,3.3533213138580322
primary,2,101,1e-05,146,1022,1.8352321607655916e-06,0.5353891168321881,3.3528552055358887
primary,2,101,1e-05,147,1029,1.7765062666479242e-06,0.4159766087042434,3.3522467613220215
primary,2,101,1e-05,148,1036,1.7185880581266217e-06,0.4902213769299643,3.351792097091675
primary,2,101,1e-05,149,1043,1.6614918256529908e-06,0.37899332786245005,3.351334810256958
primary,2,101,1e-05,150,1050,1.6052316568680442e-06,0.4041683386479105,3.35094952583313
primary,2,101,1e-05,151,1057,1.5498214331265902e-06,0.5957906075886318,3.350727081298828
primary,2,101,1e-05,152,1064,1.495274826072216e-06,0.4049778575343745,3.350233316421509
primary,2,101,1e-05,153,1071,1.441605294264014e-06,0.5060224064758846,3.3499832153320312
primary,2,101,1e-05,154,1078,1.3888260798558817e-06,0.49713610325540813,3.3498709201812744
primary,2,101,1e-05,155,1085,1.3369502053292252e-06,0.585039883852005,3.3496382236480713
primary,2,101,1e-05,156,1092,1.285990470279847e-06,0.4316547619444983,3.34932541847229
primary,2,101,1e-05,157,1099,1.2359594482598438e-06,0.6647247672080994,3.3489935398101807
primary,2,101,1e-05,158,1106,1.1868694836752686e-06,0.4243664400918143,3.3487257957458496
primary,2,101,1e-05,159,1113,1.1387326887403326e-06,0.38742686063051224,3.3483588695526123
primary,2,101,1e-05,160,1120,1.0915609404889017e-06,0.465608081647328,3.3480451107025146
primary,2,101,1e-05,161,1127,1.0453658778440107e-06,0.6383182981184551,3.347752809524536
primary,2,101,1e-05,162,1134,1.0001588987461348e-06,0.3985685977552618,3.3474209308624268
primary,2,101,1e-05,163,1141,9.559511573409195e-07,0.5073230905192239,3.3471903800964355
primary,2,101,1e-05,164,1148,9.127535612270632e-07,0.4084878084915025,3.3469083309173584
primary,2,101,1e-05,165,1155,8.705767687650265e-07,0.4272451379469463,3.346715211868286
primary,2,101,1e-05,166,1162,8.294311864472448e-07,0.4571903944015503,3.346484899520874
primary,2,101,1e-05,167,1169,7.893269663304784e-07,0.5440797805786133,3.3462412357330322
primary,2,101,1e-05,168,1176,7.50274003530953e-07,0.556734561920166,3.3460533618927
primary,2,101,1e-05,169,1183,7.122819337828752e-07,0.41109649517706465,3.3459367752075195
primary,2,101,1e-05,170,1190,6.753601310609673e-07,0.3762610939758458,3.3458878993988037
primary,2,101,1e-05,171,1197,6.395177052675794e-07,0.4959527850151062,3.345832347869873
primary,2,101,1e-05,172,1204,6.047634999849531e-07,0.4642893203667232,3.3457131385803223
primary,2,101,1e-05,173,1211,5.711060902932043e-07,0.43832921981811523,3.3456075191497803
primary,2,101,1e-05,174,1218,5.385537806545469e-07,0.6066255697182247,3.34550142288208
primary,2,101,1e-05,175,1225,5.071146028642944e-07,0.43913279473781586,3.345388650894165
primary,2,101,1e-05,176,1232,4.7679631406913176e-07,0.406726828909346,3.3453993797302246
primary,2,101,1e-05,177,1239,4.4760639485315585e-07,0.5488992077963692,3.345289468765259
primary,2,101,1e-05,178,1246,4.195520473921565e-07,0.6566571848733085,3.3450915813446045
primary,2,101,1e-05,179,1253,3.92640193676584e-07,0.4655143618583679,3.345005512237549
primary,2,101,1e-05,180,1260,3.668774738036508e-07,0.41287004442087244,3.344890832901001
primary,2,101,1e-05,181,1267,3.4227024433899004e-07,0.3973699339798519,3.344758987426758
primary,2,101,1e-05,182,1274,3.188245767482659e-07,0.42889523931912016,3.3446555137634277
primary,2,101,1e-05,183,1281,2.9654625589913237e-07,0.4178275913000107,3.344560146331787
primary,2,101,1e-05,184,1288,2.754407786339001e-07,0.4532316710267748,3.344529390335083
primary,2,101,1e-05,185,1295,2.555133524132767e-07,0.45807295186179026,3.3445234298706055
primary,2,101,1e-05,186,1302,2.3676889403150103e-07,0.5183704282556262,3.3444747924804688
primary,2,101,1e-05,187,1309,2.1921202840320077e-07,0.497568462576185,3.3444156646728516
primary,2,101,1e-05,188,1316,2.0284708742225901e-07,0.42925939096936155,3.344388008117676
primary,2,101,1e-05,189,1323,1.8767810889299085e-07,0.4532800040074757,3.344355344772339
primary,2,101,1e-05,190,1330,1.7370883553386935e-07,0.38844166406696395,3.3443076610565186
primary,2,101,1e-05,191,1337,1.609427140540686e-07,0.40606615991730777,3.3442881107330322
primary,2,101,1e-05,192,1344,1.493828943030402e-07,0.4038458549018417,3.3443026542663574
primary,2,101,1e-05,193,1351,1.3903222849333507e-07,0.4318140000104904,3.3442928791046143
primary,2,101,1e-05,194,1358,1.2989327049686101e-07,0.4016198040252285,3.3442771434783936
primary,2,101,1e-05,195,1365,1.2196827521475402e-07,0.48052056772368296,3.34427809715271
primary,2,101,1e-05,196,1372,1.1525919802101659e-07,0.500928304025105,3.3442564010620117
primary,2,101,1e-05,197,1379,1.097676942800558e-07,0.4614454082080296,3.344235897064209
primary,2,101,1e-05,198,1386,1.0549511893824898e-07,0.5221758314541408,3.344194173812866
primary,2,101,1e-05,199,1393,1.0244252618962859e-07,0.40577652731112074,3.344168186187744
primary,2,101,1e-05,200,1400,1.006106692157801e-07,0.4341740586927959,3.344165325164795
primary,2,101,0.0001,1,7,0.0001,0.5138498736279351,3.6294918060302734
primary,2,101,0.0001,2,14,9.99938933078422e-05,0.5399874150753021,3.610661268234253
primary,2,101,0.0001,3,21,9.997557473810373e-05,0.6551754304340908,3.630002498626709
primary,2,101,0.0001,4,28,9.994504881061753e-05,0.6735984981060028,3.576836109161377
primary,2,101,0.0001,5,35,9.990232305719945e-05,0.6664829935346331,3.583108901977539
primary,2,101,0.0001,6,42,9.984740801978984e-05,0.628509555544172,3.562122344970703
primary,2,101,0.0001,7,49,9.978031724785247e-05,0.5143262147903442,3.542621612548828
primary,2,101,0.0001,8,56,9.97010672950314e-05,0.47449237684486434,3.5752737522125244
primary,2,101,0.0001,9,63,9.960967771506667e-05,0.5902132391929626,3.4955766201019287
primary,2,101,0.0001,10,70,9.95061710569696e-05,0.5472018633569989,3.544528007507324
primary,2,101,0.0001,11,77,9.939057285945933e-05,0.46206032804080416,3.4493391513824463
primary,2,101,0.0001,12,84,9.926291164466132e-05,0.516161824975695,3.406494379043579
primary,2,101,0.0001,13,91,9.91232189110701e-05,0.45362113629068646,3.3776912689208984
primary,2,101,0.0001,14,98,9.897152912577741e-05,0.4673665889671871,3.3668017387390137
primary,2,101,0.0001,15,105,9.8807879715968e-05,0.3876219841518572,3.500720500946045
primary,2,101,0.0001,16,112,9.8632311059685e-05,0.40340032047658625,3.3618786334991455
primary,2,101,0.0001,17,119,9.844486647586725e-05,0.4669607537133353,3.3245978355407715
primary,2,101,0.0001,18,126,9.824559221366101e-05,0.40161909588745665,3.3415353298187256
primary,2,101,0.0001,19,133,9.803453744100869e-05,0.3673654315727098,3.405534267425537
primary,2,101,0.0001,20,140,9.781175423251735e-05,0.3603190508271967,3.3907103538513184
primary,2,101,0.0001,21,147,9.757729755661011e-05,0.3940114676952362,3.4003307819366455
primary,2,101,0.0001,22,154,9.73312252619635e-05,0.35786033647829235,3.451636791229248
primary,2,101,0.0001,23,161,9.707359806323417e-05,0.3336766932791631,3.4062256813049316
primary,2,101,0.0001,24,168,9.680447952607845e-05,0.3484269244862454,3.3207054138183594
primary,2,101,0.0001,25,175,9.652393605146844e-05,0.4065562060901097,3.321388006210327
primary,2,101,0.0001,26,182,9.623203685930869e-05,0.49614086747169495,3.2973990440368652
primary,2,101,0.0001,27,189,9.592885397135707e-05,0.40159950511796133,3.3086671829223633
primary,2,101,0.0001,28,196,9.561446219345454e-05,0.3972938486507961,3.293844699859619
primary,2,101,0.0001,29,203,9.528893909706797e-05,0.33378682817731586,3.292393207550049
primary,2,101,0.0001,30,210,9.495236500015047e-05,0.424942604133061,3.2801599502563477
primary,2,101,0.0001,31,217,9.460482294732421e-05,0.3094778837902205,3.2725090980529785
primary,2,101,0.0001,32,224,9.424639868939033e-05,0.33461529069713186,3.2261345386505127
primary,2,101,0.0001,33,231,9.387718066217124e-05,0.4065386652946472,3.2550055980682373
primary,2,101,0.0001,34,238,9.349725996469047e-05,0.3463955724478832,3.3038229942321777
primary,2,101,0.0001,35,245,9.310673033669521e-05,0.41814532024519785,3.2982089519500732
primary,2,101,0.0001,36,252,9.270568813552756e-05,0.38317662477493286,3.2916359901428223
primary,2,101,0.0001,37,259,9.229423231234974e-05,0.31529545730778147,3.269296169281006
primary,2,101,0.0001,38,266,9.187246438772939e-05,0.5156798107283456,3.274305820465088
primary,2,101,0.0001,39,273,9.14404884265908e-05,0.37103582280022757,3.2610371112823486
primary,2,101,0.0001,40,280,9.099841101253866e-05,0.2818197288683483,3.3039863109588623
primary,2,101,0.0001,41,287,9.05463412215599e-05,0.4457617678812572,3.2758407592773438
primary,2,101,0.0001,42,294,9.0084390595111e-05,0.2814692108492766,3.3641793727874756
primary,2,101,0.0001,43,301,8.961267311259666e-05,0.2721300008041518,3.3202712535858154
primary,2,101,0.0001,44,308,8.913130516324733e-05,0.3798887516771044,3.3361692428588867
primary,2,101,0.0001,45,315,8.864040551740158e-05,0.3256951565189021,3.2900280952453613
primary,2,101,0.0001,46,322,8.814009529720155e-05,0.2789629162954433,3.3018336296081543
primary,2,101,0.0001,47,329,8.763049794670775e-05,0.3188232715640749,3.304211378097534
primary,2,101,0.0001,48,336,8.711173920144117e-05,0.2946794117202184,3.4146835803985596
primary,2,101,0.0001,49,343,8.658394705735987e-05,0.3962160987513406,3.4066684246063232
primary,2,101,0.0001,50,350,8.604725173927785e-05,0.301316784960883,3.4125072956085205
primary,2,101,0.0001,51,357,8.55017856687341e-05,0.2800223325778331,3.3544747829437256
primary,2,101,0.0001,52,364,8.494768343131955e-05,0.2871832049318722,3.57662832736969
primary,2,101,0.0001,53,371,8.438508174347009e-05,0.3046646086233003,3.4017691612243652
primary,2,101,0.0001,54,378,8.381411941873378e-05,0.45155617381845203,3.5024101734161377
primary,2,101,0.0001,55,385,8.323493733352077e-05,0.30511308780738283,3.367772102355957
primary,2,101,0.0001,56,392,8.26476783923441e-05,0.27526021163378445,3.595058798789978
primary,2,101,0.0001,57,399,8.205248749256015e-05,0.3135340894971575,3.3948585987091064
primary,2,101,0.0001,58,406,8.144951148861742e-05,0.38660680821963717,3.4193035364151
primary,2,101,0.0001,59,413,8.083889915582235e-05,0.30363084678538144,3.475874900817871
primary,2,101,0.0001,60,420,8.022080115363127e-05,0.30429198273590635,3.3578619956970215
primary,2,101,0.0001,61,427,7.959536998847744e-05,0.27698276937007904,3.4401437044143677
primary,2,101,0.0001,62,434,7.89627599761423e-05,0.28791239325489315,3.3441195487976074
primary,2,101,0.001,1,7,0.001,0.6259331958634513,3.6515109539031982
primary,2,101,0.001,2,14,0.000999938933078422,0.5359930018229144,3.8865907192230225
primary,2,101,0.001,3,21,0.0009997557473810372,0.6933243487562452,3.494051933288574
primary,2,101,0.001,4,28,0.0009994504881061753,0.6958636173180172,3.8595266342163086
primary,2,101,0.001,5,35,0.0009990232305719944,0.7473259610789162,5.368731498718262
primary,2,101,0.001,6,42,0.0009984740801978985,0.7861124064241137,5.1167168617248535
primary,2,101,0.001,7,49,0.0009978031724785245,0.5777841934135982,3.6439709663391113
primary,2,101,0.001,8,56,0.000997010672950314,0.5298819967678615,3.480940818786621
primary,2,101,0.001,9,63,0.0009960967771506667,0.5949311852455139,3.5196433067321777
primary,2,101,0.001,10,70,0.000995061710569696,0.5824305926050458,3.463707208633423
primary,2,101,0.001,11,77,0.0009939057285945933,0.43833267263003756,3.440809965133667
primary,2,101,0.001,12,84,0.000992629116446613,0.4017079770565033,3.753938674926758
primary,2,101,0.001,13,91,0.000991232189110701,0.5402599956308093,3.589590549468994
primary,2,101,0.001,14,98,0.0009897152912577741,0.4462126536028726,3.959481120109558
primary,2,101,0.001,15,105,0.00098807879715968,0.5309080566678729,3.555347204208374
primary,2,101,0.001,16,112,0.00098632311059685,0.39945254581315176,3.5606346130371094
primary,2,101,0.001,17,119,0.0009844486647586723,0.35606799593993593,3.462751865386963
primary,2,101,0.001,18,126,0.00098245592213661,0.3293979689478874,3.4877431392669678
primary,2,101,0.001,19,133,0.0009803453744100868,0.3693832201617105,3.7112144231796265
primary,2,101,0.001,20,140,0.0009781175423251734,0.2788305949153645,3.6599828004837036
primary,2,101,0.001,21,147,0.0009757729755661011,0.28587322742012994,3.314521312713623
primary,2,101,0.001,22,154,0.0009733122526196349,0.37730102241039276,3.756932497024536
primary,2,101,0.001,23,161,0.0009707359806323416,0.3013819913778986,3.2823498249053955
primary,2,101,0.001,24,168,0.0009680447952607845,0.28801536483972867,3.3824708461761475
primary,2,101,0.001,25,175,0.0009652393605146844,0.2906825308288847,3.8094518184661865
primary,2,101,0.001,26,182,0.000962320368593087,0.3102058321237564,4.819059252738953
primary,2,101,0.001,27,189,0.0009592885397135706,0.30651169802461353,3.5041191577911377
primary,2,101,0.001,28,196,0.0009561446219345453,0.2254886826267466,3.593158721923828
primary,2,101,0.001,29,203,0.0009528893909706797,0.26807692859854015,3.308544397354126
primary,2,101,0.001,30,210,0.0009495236500015047,0.2756849985037531,3.808809995651245
primary,2,101,0.001,31,217,0.0009460482294732421,0.3564369295324598,3.086095452308655
primary,2,101,0.001,32,224,0.0009424639868939033,0.25233326584566385,3.6012649536132812
primary,2,101,0.001,33,231,0.0009387718066217125,0.3425140849181584,3.2078198194503784
primary,2,101,0.001,34,238,0.0009349725996469047,0.2677278760248945,3.535351037979126
primary,2,101,0.001,35,245,0.0009310673033669522,0.22313077534948075,3.3953166007995605
primary,2,101,0.001,36,252,0.0009270568813552756,0.20062273115451848,3.2411715984344482
primary,2,101,0.001,37,259,0.0009229423231234975,0.18722405497516906,3.2880661487579346
primary,2,101,0.001,38,266,0.0009187246438772938,0.27005693316459656,3.489927053451538
primary,2,101,0.001,39,273,0.0009144048842659081,0.20653002862153308,3.6398521661758423
primary,2,101,0.001,40,280,0.0009099841101253866,0.2576050247464861,3.4326813220977783
primary,2,101,0.001,41,287,0.000905463412215599,0.17058375584227697,3.4125094413757324
primary,2,101,0.001,42,294,0.0009008439059511099,0.15994580861713206,3.626366376876831
primary,2,101,0.001,43,301,0.0008961267311259666,0.22172177050794875,3.5902079343795776
primary,2,101,0.001,44,308,0.0008913130516324732,0.1642224501286234,3.552231788635254
primary,2,101,0.001,45,315,0.0008864040551740157,0.20871071411030634,4.208198070526123
primary,2,101,0.001,46,322,0.0008814009529720154,0.17717148895774568,3.625408172607422
primary,2,101,0.001,47,329,0.0008763049794670775,0.18939414939710073,3.6005539894104004
primary,2,101,0.001,48,336,0.0008711173920144117,0.19392935851854937,3.364373207092285
primary,2,101,0.001,49,343,0.0008658394705735987,0.19839453058583395,4.069802165031433
primary,2,101,0.001,50,350,0.0008604725173927785,0.21728197704734548,3.8040460348129272
primary,2,101,0.001,51,357,0.000855017856687341,0.21835366210767201,3.572298526763916
primary,2,101,0.001,52,364,0.0008494768343131955,0.16657525472276444,4.097284436225891
primary,2,101,0.001,53,371,0.0008438508174347009,0.16843790507742337,3.2942135334014893
primary,2,101,0.001,54,378,0.0008381411941873378,0.16438179356711252,3.6375927925109863
primary,2,101,0.001,55,385,0.0008323493733352077,0.2471691370010376,3.713709235191345
primary,2,101,0.001,56,392,0.000826476783923441,0.1399963769529547,3.499049425125122
primary,2,101,0.001,57,399,0.0008205248749256015,0.14521734868841513,3.495746374130249
primary,2,101,0.001,58,406,0.0008144951148861742,0.19173479505947658,4.0751142501831055
primary,2,101,0.001,59,413,0.0008083889915582234,0.14870762891535247,3.3796844482421875
primary,2,101,0.001,60,420,0.0008022080115363127,0.18871367829186575,3.5532891750335693
primary,2,101,0.001,61,427,0.0007959536998847743,0.12208274858338493,3.5115896463394165
primary,2,101,0.01,1,7,0.01,111.1740881885801,1946.3622550964355
primary,2,101,0.01,2,14,0.00999938933078422,514.0137503487723,835.6869640350342
primary,2,101,0.01,3,21,0.009997557473810372,425.5147399902344,12220.757110595703
primary,2,101,0.01,4,28,0.009994504881061753,2346.6646946498327,2991.853260040283
primary,2,101,0.01,5,35,0.009990232305719944,322.74234880719865,577.0678672790527
primary,2,101,0.01,6,42,0.009984740801978984,292.02201243809293,598.0225715637207
primary,2,101,0.01,7,49,0.009978031724785246,88.48431723458427,351.7256135940552
primary,2,101,0.01,8,56,0.00997010672950314,16.061040754163905,13.434494256973267
primary,2,101,0.01,9,63,0.009960967771506667,1.605964026280812,3.6686482429504395
primary,2,101,0.01,10,70,0.00995061710569696,0.5774238875934056,3.6750965118408203
primary,2,101,0.01,11,77,0.009939057285945933,0.542171767779759,3.6776037216186523
primary,2,101,0.01,12,84,0.00992629116446613,0.5174236467906407,3.672421932220459
primary,2,101,0.01,13,91,0.00991232189110701,0.6421056730406625,3.669741153717041
primary,2,101,0.01,14,98,0.00989715291257774,0.5313679916518075,3.6714229583740234
primary,2,101,0.01,15,105,0.0098807879715968,0.5322656631469727,3.672110080718994
primary,2,101,0.01,16,112,0.0098632311059685,0.5486636544976916,3.6661524772644043
primary,2,101,0.01,17,119,0.009844486647586723,0.5059254212038857,3.6643214225769043
primary,2,101,0.01,18,126,0.0098245592213661,0.49446195230952333,3.6629858016967773
primary,2,101,0.01,19,133,0.009803453744100868,0.5813684378351484,3.6601171493530273
primary,2,101,0.01,20,140,0.009781175423251734,0.4991531638162477,3.660109043121338
primary,2,101,0.01,21,147,0.009757729755661011,0.4973343514970371,3.657200813293457
primary,2,101,0.01,22,154,0.009733122526196349,0.49742359668016434,3.656097888946533
primary,2,101,0.01,23,161,0.009707359806323416,0.5045195786016328,3.650998115539551
primary,2,101,0.01,24,168,0.009680447952607845,0.4889898814394006,3.6459121704101562
primary,2,101,0.01,25,175,0.009652393605146845,0.5714851915836334,3.6422524452209473
primary,2,101,0.01,26,182,0.00962320368593087,0.6210923790931702,3.6432228088378906
primary,2,101,0.01,27,189,0.009592885397135707,0.5409453468663352,3.6402463912963867
primary,2,101,0.01,28,196,0.009561446219345454,0.5408512162310737,3.640444278717041
primary,2,101,0.01,29,203,0.009528893909706798,0.5092756577900478,3.637269973754883
primary,2,101,0.01,30,210,0.009495236500015047,0.5436734301703317,3.6341614723205566
primary,2,101,0.01,31,217,0.00946048229473242,0.5009736184562955,3.635706901550293
primary,2,101,0.01,32,224,0.009424639868939034,0.6204407300267901,3.6382899284362793
primary,2,101,0.01,33,231,0.009387718066217124,0.649232029914856,3.643401622772217
primary,2,101,0.01,34,238,0.009349725996469048,0.662612898009164,3.6494393348693848
primary,2,101,0.01,35,245,0.00931067303366952,0.5646283626556396,3.6539955139160156
primary,2,101,0.01,36,252,0.009270568813552756,0.6259535593645913,3.6503853797912598
primary,2,101,0.01,37,259,0.009229423231234974,0.5016921024237361,3.6451730728149414
primary,2,101,0.01,38,266,0.009187246438772938,0.6499809154442379,3.641535758972168
primary,2,101,0.01,39,273,0.009144048842659082,0.619683461529868,3.641221046447754
primary,2,101,0.01,40,280,0.009099841101253866,0.666828453540802,3.63893461227417
primary,2,101,0.01,41,287,0.00905463412215599,0.6032432062285287,3.6397762298583984
primary,2,101,0.01,42,294,0.0090084390595111,0.5390645819050925,3.637049674987793
primary,2,101,0.01,43,301,0.008961267311259666,0.4937382255281721,3.6324195861816406
primary,2,101,0.01,44,308,0.008913130516324731,0.544977822474071,3.63258695602417
primary,2,101,0.01,45,315,0.008864040551740157,0.5375727925981794,3.6344876289367676
primary,2,101,0.01,46,322,0.008814009529720154,0.4911544229835272,3.6325111389160156
primary,2,101,0.01,47,329,0.008763049794670776,0.4906484218580382,3.6314353942871094
primary,2,101,0.01,48,336,0.008711173920144118,0.488089219525656,3.6304688453674316
primary,2,101,0.01,49,343,0.008658394705735987,0.6767164298466274,3.6297407150268555
primary,2,101,0.01,50,350,0.008604725173927784,0.5475354066916874,3.627913475036621
primary,2,101,0.01,51,357,0.00855017856687341,0.561881993498121,3.630784034729004
primary,2,101,0.01,52,364,0.008494768343131955,0.5128339954784938,3.6348624229431152
primary,2,101,0.01,53,371,0.00843850817434701,0.5094633655888694,3.639150619506836
primary,2,101,0.01,54,378,0.008381411941873378,0.6821484054837909,3.640584945678711
primary,2,101,0.01,55,385,0.008323493733352076,0.5397688533578601,3.642988681793213
primary,2,101,0.01,56,392,0.008264767839234409,0.5380070635250637,3.646904945373535
primary,2,101,0.01,57,399,0.008205248749256015,0.677285475390298,3.6509275436401367
primary,2,101,0.01,58,406,0.008144951148861742,0.6265969020979745,3.653820037841797
primary,2,101,0.01,59,413,0.008083889915582234,0.5043955658163343,3.651684284210205
primary,2,101,0.01,60,420,0.008022080115363126,0.6241474194186074,3.648080348968506
primary,2,101,0.01,61,427,0.007959536998847744,0.5088724323681423,3.6442055702209473
primary,2,101,0.01,62,434,0.00789627599761423,0.6208649022238595,3.6432671546936035
primary,2,101,0.01,63,441,0.007832312720368047,0.5560570699828011,3.639504909515381
primary,2,101,0.01,64,448,0.007767662949090753,0.5221976382391793,3.635289192199707
primary,2,101,0.01,65,455,0.007702342635146034,0.49655075264828546,3.6303558349609375
primary,2,101,0.01,66,462,0.007636367895343947,0.4904073955757277,3.6266512870788574
primary,2,101,0.01,67,469,0.007569755007964339,0.4902164720531021,3.6255440711975098
primary,2,101,0.01,68,476,0.007502520408740419,0.5645497143268585,3.6260809898376465
primary,2,101,0.01,69,483,0.007434680686803491,0.49567979627421926,3.6288466453552246
primary,2,101,0.01,70,490,0.0073662525805898394,0.5475683808326721,3.6302590370178223
primary,2,101,0.01,71,497,0.007297252973710758,0.6317827275821141,3.631488800048828
primary,2,101,0.01,72,504,0.00722769889078678,0.5075174995831081,3.629026412963867
primary,2,101,0.01,73,511,0.0071576074932471105,0.5496979994433266,3.6251516342163086
primary,2,101,0.01,74,518,0.00708699607509529,0.4884036837361886,3.6299562454223633
primary,2,101,0.01,75,525,0.007015882058642164,0.48791477070855244,3.6320056915283203
primary,2,101,0.01,76,532,0.006944282990207195,0.6856632062367031,3.633316993713379
primary,2,101,0.01,77,539,0.006872216535789157,0.5426007977553776,3.637248992919922
primary,2,101,0.01,78,546,0.006799700476707324,0.6032782707895551,3.640644073486328
primary,2,101,0.01,79,553,0.006726752705214194,0.5102135964802333,3.639834403991699
primary,2,101,0.01,80,560,0.0066533912200808405,0.554893285036087,3.6371335983276367
primary,2,101,0.01,81,567,0.006579634122155991,0.49325184896588326,3.63407564163208
primary,2,101,0.01,82,574,0.006505499609899906,0.497438194496291,3.633575916290283
primary,2,101,0.01,83,581,0.006431005974894186,0.5922749808856419,3.63228178024292
primary,2,101,0.01,84,588,0.006356171597328596,0.4908261863248689,3.6337990760803223
primary,2,101,0.01,85,595,0.0062810149414660316,0.5079687344176429,3.634148120880127
primary,2,101,0.01,86,602,0.006205554551086733,0.49726859267268864,3.632516860961914
primary,2,101,0.01,87,609,0.006129809044912888,0.4968014061450958,3.631028652191162
primary,2,101,0.01,88,616,0.006053797112014738,0.7499553305762154,3.629978656768799
primary,2,101,0.01,89,623,0.005977537507199339,0.5519137467656817,3.631267547607422
primary,2,101,0.01,90,630,0.005901049046383077,0.5026789286306926,3.6305389404296875
primary,2,101,0.01,91,637,0.005824350601949144,0.5296954555170876,3.631819725036621
primary,2,101,0.01,92,644,0.005747461098091036,0.4881244348694703,3.634488582611084
primary,2,101,0.01,93,651,0.005670399506143308,0.6165762671402523,3.635468006134033
primary,2,101,0.01,94,658,0.005593184839900675,0.5440573734896523,3.6343259811401367
primary,2,101,0.01,95,665,0.005515836150926647,0.590247665132795,3.635758399963379
primary,2,101,0.01,96,672,0.005438372523852834,0.541790076664516,3.6385369300842285
primary,2,101,0.01,97,679,0.005360813071670102,0.6033284664154053,3.642213821411133
primary,2,101,0.01,98,686,0.005283176931012732,0.4927608503827027,3.644604206085205
primary,2,101,0.01,99,693,0.0052054832574367355,0.6014651911599296,3.6452040672302246
primary,2,101,0.01,100,700,0.005127751220693514,0.4884889542590827,3.646846294403076
primary,2,101,0.01,101,707,0.005050000000000001,0.49798193999699186,3.647367477416992
primary,2,101,0.01,102,714,0.004972248779306489,0.6230963511126382,3.6476426124572754
primary,2,101,0.01,103,721,0.004894516742563266,0.5085593291691372,3.6464781761169434
primary,3,101,1e-05,1,7,1e-05,0.5588781535625458,3.2237932682037354
primary,3,101,1e-05,2,14,9.99938933078422e-06,0.5764076113700867,3.223238945007324
primary,3,101,1e-05,3,21,9.997557473810373e-06,0.5936949721404484,3.2327778339385986
primary,3,101,1e-05,4,28,9.994504881061752e-06,0.6691894701548985,3.2385106086730957
primary,3,101,1e-05,5,35,9.990232305719944e-06,0.6225567843232837,3.248479127883911
primary,3,101,1e-05,6,42,9.984740801978984e-06,0.5533705268587384,3.243387460708618
primary,3,101,1e-05,7,49,9.978031724785247e-06,0.5794440380164555,3.2385201454162598
primary,3,101,1e-05,8,56,9.97010672950314e-06,0.7121373627867017,3.235255002975464
primary,3,101,1e-05,9,63,9.960967771506666e-06,0.5438880366938454,3.2442574501037598
primary,3,101,1e-05,10,70,9.950617105696961e-06,0.6120394383158002,3.2462079524993896
primary,3,101,1e-05,11,77,9.939057285945933e-06,0.7525772026606968,3.2316734790802
primary,3,101,1e-05,12,84,9.926291164466131e-06,0.5152125763041633,3.2177648544311523
primary,3,101,1e-05,13,91,9.91232189110701e-06,0.5742181709834507,3.207066297531128
primary,3,101,1e-05,14,98,9.897152912577742e-06,0.5991213662283761,3.2049922943115234
primary,3,101,1e-05,15,105,9.8807879715968e-06,0.49287226317184313,3.2127084732055664
primary,3,101,1e-05,16,112,9.8632311059685e-06,0.7033779408250537,3.218803882598877
primary,3,101,1e-05,17,119,9.844486647586724e-06,0.5739117435046605,3.2112958431243896
primary,3,101,1e-05,18,126,9.824559221366101e-06,0.5115375747638089,3.211616039276123
primary,3,101,1e-05,19,133,9.803453744100868e-06,0.6784401450838361,3.206754684448242
primary,3,101,1e-05,20,140,9.781175423251734e-06,0.5495895487921578,3.202641487121582
primary,3,101,1e-05,21,147,9.757729755661012e-06,0.5429298111370632,3.203402280807495
primary,3,101,1e-05,22,154,9.73312252619635e-06,0.5385919298444476,3.215719699859619
primary,3,101,1e-05,23,161,9.707359806323418e-06,0.5884695563997541,3.225954055786133
primary,3,101,1e-05,24,168,9.680447952607845e-06,0.6283117064407894,3.2170650959014893
primary,3,101,1e-05,25,175,9.652393605146845e-06,0.6137461577142987,3.2054481506347656
primary,3,101,1e-05,26,182,9.62320368593087e-06,0.5223691655056817,3.205453634262085
primary,3,101,1e-05,27,189,9.592885397135707e-06,0.5025560432778937,3.191809892654419
primary,3,101,1e-05,28,196,9.561446219345455e-06,0.4923435210117272,3.185161590576172
primary,3,101,1e-05,29,203,9.528893909706798e-06,0.555561397756849,3.1907594203948975
primary,3,101,1e-05,30,210,9.495236500015048e-06,0.5276639035769871,3.1918365955352783
primary,3,101,1e-05,31,217,9.460482294732422e-06,0.5339761546679905,3.192178726196289
primary,3,101,1e-05,32,224,9.424639868939035e-06,0.4998215495475701,3.194272756576538
primary,3,101,1e-05,33,231,9.387718066217125e-06,0.48352992641074316,3.199883460998535
primary,3,101,1e-05,34,238,9.349725996469047e-06,0.5918823565755572,3.19734525680542
primary,3,101,1e-05,35,245,9.310673033669522e-06,0.6250098092215401,3.198976993560791
primary,3,101,1e-05,36,252,9.270568813552757e-06,0.6600562504359654,3.1907925605773926
primary,3,101,1e-05,37,259,9.229423231234975e-06,0.5801329910755157,3.1907222270965576
primary,3,101,1e-05,38,266,9.18724643877294e-06,0.5371588638850621,3.1927599906921387
primary,3,101,1e-05,39,273,9.144048842659081e-06,0.5112124128001077,3.193768262863159
primary,3,101,1e-05,40,280,9.099841101253867e-06,0.5200465491839817,3.193389415740967
primary,3,101,1e-05,41,287,9.054634122155991e-06,0.6262283538069043,3.196615695953369
primary,3,101,1e-05,42,294,9.0084390595111e-06,0.6127504408359528,3.180635929107666
primary,3,101,1e-05,43,301,8.961267311259668e-06,0.5745049842766353,3.1736397743225098
primary,3,101,1e-05,44,308,8.913130516324733e-06,0.5103786715439388,3.1609652042388916
primary,3,101,1e-05,45,315,8.864040551740158e-06,0.6385618320533207,3.1535122394561768
primary,3,101,1e-05,46,322,8.814009529720155e-06,0.5613302333014352,3.1490797996520996
primary,3,101,1e-05,47,329,8.763049794670776e-06,0.5277411001069205,3.1513965129852295
primary,3,101,1e-05,48,336,8.711173920144118e-06,0.5337339043617249,3.14959979057312
primary,3,101,1e-05,49,343,8.658394705735988e-06,0.6179797181061336,3.1532950401306152
primary,3,101,1e-05,50,350,8.604725173927786e-06,0.49781051703861784,3.151590585708618
primary,3,101,1e-05,51,357,8.550178566873412e-06,0.5603198451655251,3.1481521129608154
primary,3,101,1e-05,52,364,8.494768343131955e-06,0.6332565120288304,3.156252384185791
primary,3,101,1e-05,53,371,8.43850817434701e-06,0.4763421546667814,3.1589012145996094
primary,3,101,1e-05,54,378,8.381411941873379e-06,0.5806430876255035,3.1593546867370605
primary,3,101,1e-05,55,385,8.323493733352078e-06,0.4911109038761684,3.1546318531036377
primary,3,101,1e-05,56,392,8.26476783923441e-06,0.5977857879229954,3.1448440551757812
primary,3,101,1e-05,57,399,8.205248749256014e-06,0.605463479246412,3.1357815265655518
primary,3,101,1e-05,58,406,8.144951148861743e-06,0.5125007203647068,3.1260478496551514
primary,3,101,1e-05,59,413,8.083889915582235e-06,0.5712155273982457,3.122450828552246
primary,3,101,1e-05,60,420,8.022080115363127e-06,0.5830668764454978,3.125486135482788
primary,3,101,1e-05,61,427,7.959536998847744e-06,0.5587750971317291,3.130119562149048
primary,3,101,1e-05,62,434,7.89627599761423e-06,0.58653153691973,3.142359972000122
primary,3,101,1e-05,63,441,7.832312720368048e-06,0.5219808646610805,3.1474149227142334
primary,3,101,1e-05,64,448,7.767662949090754e-06,0.4850932700293405,3.145922899246216
primary,3,101,1e-05,65,455,7.702342635146033e-06,0.5499854641301292,3.1405158042907715
primary,3,101,1e-05,66,462,7.636367895343947e-06,0.6269124916621617,3.1290266513824463
primary,3,101,1e-05,67,469,7.5697550079643376e-06,0.5001294442585537,3.1195104122161865
primary,3,101,1e-05,68,476,7.502520408740418e-06,0.5215548149177006,3.1037466526031494
primary,3,101,1e-05,69,483,7.43468068680349e-06,0.5523587593010494,3.101407289505005
primary,3,101,1e-05,70,490,7.366252580589839e-06,0.4784121715596744,3.1023523807525635
primary,3,101,1e-05,71,497,7.297252973710756e-06,0.5283093707902091,3.098200559616089
primary,3,101,1e-05,72,504,7.227698890786779e-06,0.5008474205221448,3.0893328189849854
primary,3,101,1e-05,73,511,7.15760749324711e-06,0.5178309466157641,3.0918095111846924
primary,3,101,1e-05,74,518,7.086996075095289e-06,0.5450223386287689,3.0951132774353027
primary,3,101,1e-05,75,525,7.015882058642164e-06,0.5363683189664569,3.093601942062378
primary,3,101,1e-05,76,532,6.9442829902071945e-06,0.45627348657165256,3.100745916366577
primary,3,101,1e-05,77,539,6.8722165357891564e-06,0.4907761003289904,3.1006240844726562
primary,3,101,1e-05,78,546,6.799700476707323e-06,0.5715710137571607,3.0937864780426025
primary,3,101,1e-05,79,553,6.726752705214193e-06,0.4828075843064913,3.078056573867798
primary,3,101,1e-05,80,560,6.65339122008084e-06,0.4754474407860211,3.0716347694396973
primary,3,101,1e-05,81,567,6.57963412215599e-06,0.5106336772441864,3.0668790340423584
primary,3,101,1e-05,82,574,6.505499609899905e-06,0.6325596230370658,3.065244436264038
primary,3,101,1e-05,83,581,6.431005974894185e-06,0.6636556599821363,3.0566396713256836
primary,3,101,1e-05,84,588,6.356171597328595e-06,0.512360753757613,3.040879011154175
primary,3,101,1e-05,85,595,6.28101494146603e-06,0.4791136682033539,3.0326128005981445
primary,3,101,1e-05,86,602,6.205554551086732e-06,0.631479127066476,3.0277645587921143
primary,3,101,1e-05,87,609,6.129809044912887e-06,0.536975017615727,3.0233709812164307
primary,3,101,1e-05,88,616,6.053797112014738e-06,0.5661177124295916,3.02612042427063
primary,3,101,1e-05,89,623,5.977537507199338e-06,0.5472751217229026,3.03022837638855
primary,3,101,1e-05,90,630,5.901049046383077e-06,0.6318729860442025,3.0349507331848145
primary,3,101,1e-05,91,637,5.824350601949143e-06,0.48224958032369614,3.03167986869812
primary,3,101,1e-05,92,644,5.7474610980910354e-06,0.5488647307668414,3.0238561630249023
primary,3,101,1e-05,93,651,5.6703995061433075e-06,0.5473012413297381,3.0253055095672607
primary,3,101,1e-05,94,658,5.5931848399006745e-06,0.544958016702107,3.0244781970977783
primary,3,101,1e-05,95,665,5.515836150926646e-06,0.5208659172058105,3.0222246646881104
primary,3,101,1e-05,96,672,5.438372523852833e-06,0.5342978835105896,3.023019313812256
primary,3,101,1e-05,97,679,5.360813071670101e-06,0.6544603790555682,3.023024320602417
primary,3,101,1e-05,98,686,5.283176931012731e-06,0.49597526235239847,3.0253117084503174
primary,3,101,1e-05,99,693,5.205483257436735e-06,0.5246200050626483,3.0209081172943115
primary,3,101,1e-05,100,700,5.127751220693512e-06,0.5874613949230739,3.0144190788269043
primary,3,101,1e-05,101,707,5.05e-06,0.5509637977395739,3.0044655799865723
primary,3,101,1e-05,102,714,4.972248779306488e-06,0.6090237029961177,2.9979093074798584
primary,3,101,1e-05,103,721,4.8945167425632645e-06,0.5506334815706525,2.995530843734741
primary,3,101,1e-05,104,728,4.816823068987269e-06,0.5692380113261086,2.987898588180542
primary,3,101,1e-05,105,735,4.7391869283298985e-06,0.48796098147119793,2.9881327152252197
primary,3,101,1e-05,106,742,4.661627476147168e-06,0.5502987418855939,2.991797924041748
primary,3,101,1e-05,107,749,4.584163849073354e-06,0.5364766546658107,2.9953646659851074
primary,3,101,1e-05,108,756,4.506815160099326e-06,0.4636568504252604,2.9932796955108643
primary,3,101,1e-05,109,763,4.429600493856694e-06,0.5276883797986167,2.989731788635254
primary,3,101,1e-05,110,770,4.352538901908967e-06,0.6114591785839626,2.9879510402679443
primary,3,101,1e-05,111,777,4.275649398050858e-06,0.564124413899013,2.9846417903900146
primary,3,101,1e-05,112,784,4.198950953616922e-06,0.46165473852306604,2.9827589988708496
primary,3,101,1e-05,113,791,4.122462492800663e-06,0.5700342357158661,2.9846386909484863
primary,3,101,1e-05,114,798,4.046202887985263e-06,0.55133575626782,2.9865927696228027
primary,3,101,1e-05,115,805,3.970190955087116e-06,0.5424302773816245,2.9845690727233887
primary,3,101,1e-05,116,812,3.894445448913268e-06,0.46435348050934927,2.9808201789855957
primary,3,101,1e-05,117,819,3.818985058533969e-06,0.458972441298621,2.978503704071045
primary,3,101,1e-05,118,826,3.7438284026714044e-06,0.4598408601512866,2.9788753986358643
primary,3,101,1e-05,119,833,3.6689940251058153e-06,0.5031326157706124,2.977945566177368
primary,3,101,1e-05,120,840,3.594500390100096e-06,0.45942344942263197,2.974156379699707
primary,3,101,1e-05,121,847,3.5203658778440116e-06,0.5006489285400936,2.9693551063537598
primary,3,101,1e-05,122,854,3.4466087799191603e-06,0.5058906844684056,2.965571165084839
primary,3,101,1e-05,123,861,3.3732472947858077e-06,0.48833698885781424,2.962961435317993
primary,3,101,1e-05,124,868,3.300299523292678e-06,0.6198365347726005,2.9589359760284424
primary,3,101,1e-05,125,875,3.227783464210845e-06,0.47246636130980085,2.953472137451172
primary,3,101,1e-05,126,882,3.155717009792807e-06,0.5587170592376164,2.949324607849121
primary,3,101,1e-05,127,889,3.0841179413578354e-06,0.5647696341787066,2.9469428062438965
primary,3,101,1e-05,128,896,3.0130039249047117e-06,0.5600355650697436,2.9463748931884766
primary,3,101,1e-05,129,903,2.9423925067528904e-06,0.5014855010168893,2.9480068683624268
primary,3,101,1e-05,130,910,2.87230110921322e-06,0.5353704861232212,2.9472708702087402
primary,3,101,1e-05,131,917,2.8027470262892435e-06,0.5163537689617702,2.94663143157959
primary,3,101,1e-05,132,924,2.7337474194101625e-06,0.5014162361621857,2.9460256099700928
primary,3,101,1e-05,133,931,2.6653193131965085e-06,0.5727047579629081,2.944039821624756
primary,3,101,1e-05,134,938,2.5974795912595824e-06,0.4824379214218685,2.9405300617218018
primary,3,101,1e-05,135,945,2.530244992035662e-06,0.5616023923669543,2.9370594024658203
primary,3,101,1e-05,136,952,2.4636321046560533e-06,0.5234034146581378,2.9336986541748047
primary,3,101,1e-05,137,959,2.3976573648539653e-06,0.5330923795700073,2.930739164352417
primary,3,101,1e-05,138,966,2.332337050909247e-06,0.46652331362877575,2.928497791290283
primary,3,101,1e-05,139,973,2.267687279631953e-06,0.4373646357229778,2.9272029399871826
primary,3,101,1e-05,140,980,2.2037240023857708e-06,0.4788632222584316,2.926386833190918
primary,3,101,1e-05,141,987,2.1404630011522584e-06,0.5928229093551636,2.925664186477661
primary,3,101,1e-05,142,994,2.0779198846368745e-06,0.5077203597341265,2.924370288848877
primary,3,101,1e-05,143,1001,2.0161100844177658e-06,0.4763934186526707,2.924119234085083
primary,3,101,1e-05,144,1008,1.9550488511382593e-06,0.4807328368936266,2.922567367553711
primary,3,101,1e-05,145,1015,1.894751250743986e-06,0.48206653339522226,2.921736240386963
primary,3,101,1e-05,146,1022,1.8352321607655916e-06,0.46956218991960796,2.9206974506378174
primary,3,101,1e-05,147,1029,1.7765062666479242e-06,0.5251393743923732,2.9180383682250977
primary,3,101,1e-05,148,1036,1.7185880581266217e-06,0.465419882110187,2.9164247512817383
primary,3,101,1e-05,149,1043,1.6614918256529908e-06,0.5284301127706256,2.915095329284668
primary,3,101,1e-05,150,1050,1.6052316568680442e-06,0.5013551712036133,2.9145729541778564
primary,3,101,1e-05,151,1057,1.5498214331265902e-06,0.43530633034450666,2.9140233993530273
primary,3,101,1e-05,152,1064,1.495274826072216e-06,0.4423243731725961,2.912081003189087
primary,3,101,1e-05,153,1071,1.441605294264014e-06,0.5239135750702449,2.910062789916992
primary,3,101,1e-05,154,1078,1.3888260798558817e-06,0.5319796247141702,2.9097084999084473
primary,3,101,1e-05,155,1085,1.3369502053292252e-06,0.483352467417717,2.909424304962158
primary,3,101,1e-05,156,1092,1.285990470279847e-06,0.4691714623144695,2.910135507583618
primary,3,101,1e-05,157,1099,1.2359594482598438e-06,0.46702208263533457,2.9115381240844727
primary,3,101,1e-05,158,1106,1.1868694836752686e-06,0.6210027294499534,2.9128947257995605
primary,3,101,1e-05,159,1113,1.1387326887403326e-06,0.4692881149905069,2.9130494594573975
primary,3,101,1e-05,160,1120,1.0915609404889017e-06,0.5391792016369956,2.912287950515747
primary,3,101,1e-05,161,1127,1.0453658778440107e-06,0.5639689777578626,2.911316156387329
primary,3,101,1e-05,162,1134,1.0001588987461348e-06,0.44127670622297693,2.9099791049957275
primary,3,101,1e-05,163,1141,9.559511573409195e-07,0.5106902846268245,2.9088385105133057
primary,3,101,1e-05,164,1148,9.127535612270632e-07,0.5207530664546149,2.9084866046905518
primary,3,101,1e-05,165,1155,8.705767687650265e-07,0.4432401827403477,2.907989978790283
primary,3,101,1e-05,166,1162,8.294311864472448e-07,0.5058134113039289,2.9072182178497314
primary,3,101,1e-05,167,1169,7.893269663304784e-07,0.5814139544963837,2.9066247940063477
primary,3,101,1e-05,168,1176,7.50274003530953e-07,0.48145608391080585,2.90582013130188
primary,3,101,1e-05,169,1183,7.122819337828752e-07,0.46384166181087494,2.905937671661377
primary,3,101,1e-05,170,1190,6.753601310609673e-07,0.4731338598898479,2.9061710834503174
primary,3,101,1e-05,171,1197,6.395177052675794e-07,0.5155365807669503,2.905832290649414
primary,3,101,1e-05,172,1204,6.047634999849531e-07,0.45805108547210693,2.905360698699951
primary,3,101,1e-05,173,1211,5.711060902932043e-07,0.5008780445371356,2.904608726501465
primary,3,101,1e-05,174,1218,5.385537806545469e-07,0.4456977131111281,2.903977632522583
primary,3,101,1e-05,175,1225,5.071146028642944e-07,0.545271954366139,2.903313159942627
primary,3,101,1e-05,176,1232,4.7679631406913176e-07,0.4843689969607762,2.9033706188201904
primary,3,101,1e-05,177,1239,4.4760639485315585e-07,0.5358424144131797,2.9033162593841553
primary,3,101,1e-05,178,1246,4.195520473921565e-07,0.4316046142484993,2.9031968116760254
primary,3,101,1e-05,179,1253,3.92640193676584e-07,0.5391656075205121,2.903113842010498
primary,3,101,1e-05,180,1260,3.668774738036508e-07,0.5263640114239284,2.9026284217834473
primary,3,101,1e-05,181,1267,3.4227024433899004e-07,0.480502439396722,2.9022958278656006
primary,3,101,1e-05,182,1274,3.188245767482659e-07,0.501461501632418,2.9018630981445312
primary,3,101,1e-05,183,1281,2.9654625589913237e-07,0.4139908486062528,2.901656150817871
primary,3,101,1e-05,184,1288,2.754407786339001e-07,0.47577995913369314,2.901581048965454
primary,3,101,1e-05,185,1295,2.555133524132767e-07,0.4583230359213693,2.9016103744506836
primary,3,101,1e-05,186,1302,2.3676889403150103e-07,0.5598577431270054,2.9018073081970215
primary,3,101,1e-05,187,1309,2.1921202840320077e-07,0.5980225907904761,2.902041435241699
primary,3,101,1e-05,188,1316,2.0284708742225901e-07,0.6443096484456744,2.9021382331848145
primary,3,101,1e-05,189,1323,1.8767810889299085e-07,0.44770084960120066,2.9020841121673584
primary,3,101,1e-05,190,1330,1.7370883553386935e-07,0.45060761179775,2.902085542678833
primary,3,101,1e-05,191,1337,1.609427140540686e-07,0.4799515860421317,2.90207839012146
primary,3,101,1e-05,192,1344,1.493828943030402e-07,0.4872230738401413,2.902057409286499
primary,3,101,1e-05,193,1351,1.3903222849333507e-07,0.46698786531175884,2.9021642208099365
primary,3,101,1e-05,194,1358,1.2989327049686101e-07,0.6086571557181222,2.9021201133728027
primary,3,101,1e-05,195,1365,1.2196827521475402e-07,0.43708864014063564,2.901965856552124
primary,3,101,1e-05,196,1372,1.1525919802101659e-07,0.4561886979000909,2.901937961578369
primary,3,101,1e-05,197,1379,1.097676942800558e-07,0.47197966277599335,2.901923418045044
primary,3,101,1e-05,198,1386,1.0549511893824898e-07,0.5975022826875959,2.9019627571105957
primary,3,101,1e-05,199,1393,1.0244252618962859e-07,0.7298781871795654,2.901934862136841
primary,3,101,1e-05,200,1400,1.006106692157801e-07,0.5711107339177813,2.9017817974090576
primary,3,101,0.0001,1,7,0.0001,0.5643120322908673,3.3104805946350098
primary,3,101,0.0001,2,14,9.99938933078422e-05,0.5930826195648738,3.180694818496704
primary,3,101,0.0001,3,21,9.997557473810373e-05,0.6295463527951922,3.301907777786255
primary,3,101,0.0001,4,28,9.994504881061753e-05,0.6499168276786804,3.19661021232605
primary,3,101,0.0001,5,35,9.990232305719945e-05,0.6291476445538657,3.2065439224243164
primary,3,101,0.0001,6,42,9.984740801978984e-05,0.5672727738107953,3.1237223148345947
primary,3,101,0.0001,7,49,9.978031724785247e-05,0.5553428360394069,3.1286702156066895
primary,3,101,0.0001,8,56,9.97010672950314e-05,0.6844897185053144,3.1298410892486572
primary,3,101,0.0001,9,63,9.960967771506667e-05,0.5473387198788779,3.163637638092041
primary,3,101,0.0001,10,70,9.95061710569696e-05,0.5997648792607444,3.0490314960479736
primary,3,101,0.0001,11,77,9.939057285945933e-05,0.7355305595057351,2.9870445728302
primary,3,101,0.0001,12,84,9.926291164466132e-05,0.4974331536463329,3.0138533115386963
primary,3,101,0.0001,13,91,9.91232189110701e-05,0.5230776497295925,2.9455318450927734
primary,3,101,0.0001,14,98,9.897152912577741e-05,0.5850669401032584,2.8237154483795166
primary,3,101,0.0001,15,105,9.8807879715968e-05,0.4565287572996957,2.8850948810577393
primary,3,101,0.0001,16,112,9.8632311059685e-05,0.6330985341753278,2.7237794399261475
primary,3,101,0.0001,17,119,9.844486647586725e-05,0.4615265727043152,2.6109464168548584
primary,3,101,0.0001,18,126,9.824559221366101e-05,0.43893945030868053,2.5765480995178223
primary,3,101,0.0001,19,133,9.803453744100869e-05,0.5481500029563904,2.544910430908203
primary,3,101,0.0001,20,140,9.781175423251735e-05,0.42664626027856556,2.513745069503784
primary,3,101,0.0001,21,147,9.757729755661011e-05,0.45599215584141867,2.576144218444824
primary,3,101,0.0001,22,154,9.73312252619635e-05,0.5127173364162445,2.465292453765869
primary,3,101,0.0001,23,161,9.707359806323417e-05,0.4922908672264644,2.6241817474365234
primary,3,101,0.0001,24,168,9.680447952607845e-05,0.49126112035342623,2.6588962078094482
primary,3,101,0.0001,25,175,9.652393605146844e-05,0.5294816536562783,2.40118670463562
primary,3,101,0.0001,26,182,9.623203685930869e-05,0.37235006457194686,2.652020215988159
primary,3,101,0.0001,27,189,9.592885397135707e-05,0.4222609911646162,2.424489736557007
primary,3,101,0.0001,28,196,9.561446219345454e-05,0.4390522986650467,2.4189693927764893
primary,3,101,0.0001,29,203,9.528893909706797e-05,0.4378092246396201,2.5618367195129395
primary,3,101,0.0001,30,210,9.495236500015047e-05,0.41375769674777985,2.3819375038146973
primary,3,101,0.0001,31,217,9.460482294732421e-05,0.42838803785187857,2.3667662143707275
primary,3,101,0.0001,32,224,9.424639868939033e-05,0.40413641503879,2.3304903507232666
primary,3,101,0.0001,33,231,9.387718066217124e-05,0.40328506061009,2.274193525314331
primary,3,101,0.0001,34,238,9.349725996469047e-05,0.3774289531367166,2.302945375442505
primary,3,101,0.0001,35,245,9.310673033669521e-05,0.48124695888587404,2.4232912063598633
primary,3,101,0.0001,36,252,9.270568813552756e-05,0.4682000364576067,2.6326167583465576
primary,3,101,0.0001,37,259,9.229423231234974e-05,0.4963744708469936,2.6064391136169434
primary,3,101,0.0001,38,266,9.187246438772939e-05,0.42931842378207613,2.401656150817871
primary,3,101,0.0001,39,273,9.14404884265908e-05,0.3961865210107395,2.582247734069824
primary,3,101,0.0001,40,280,9.099841101253866e-05,0.42082680974687847,2.2496087551116943
primary,3,101,0.0001,41,287,9.05463412215599e-05,0.40274529584816526,2.2809693813323975
primary,3,101,0.0001,42,294,9.0084390595111e-05,0.45292471987860544,2.2230637073516846
primary,3,101,0.0001,43,301,8.961267311259666e-05,0.3893792714391436,2.22526478767395
primary,3,101,0.0001,44,308,8.913130516324733e-05,0.3299559269632612,2.216536045074463
primary,3,101,0.0001,45,315,8.864040551740158e-05,0.37570882056440624,2.218357801437378
primary,3,101,0.0001,46,322,8.814009529720155e-05,0.3054390945804438,2.335306406021118
primary,3,101,0.0001,47,329,8.763049794670775e-05,0.38493741835866657,2.2484161853790283
primary,3,101,0.0001,48,336,8.711173920144117e-05,0.3340323173574039,2.223957061767578
primary,3,101,0.0001,49,343,8.658394705735987e-05,0.3951795143740518,2.248518943786621
primary,3,101,0.0001,50,350,8.604725173927785e-05,0.2858646320445197,2.159632682800293
primary,3,101,0.0001,51,357,8.55017856687341e-05,0.3923794371741159,2.2846367359161377
primary,3,101,0.0001,52,364,8.494768343131955e-05,0.43019926122256685,2.4644277095794678
primary,3,101,0.0001,53,371,8.438508174347009e-05,0.28123438890491215,2.3984227180480957
primary,3,101,0.0001,54,378,8.381411941873378e-05,0.4438891112804413,2.439791202545166
primary,3,101,0.0001,55,385,8.323493733352077e-05,0.2784898839890957,2.431908369064331
primary,3,101,0.0001,56,392,8.26476783923441e-05,0.32823915566716877,2.512265920639038
primary,3,101,0.0001,57,399,8.205248749256015e-05,0.2839019503777048,2.424884080886841
primary,3,101,0.0001,58,406,8.144951148861742e-05,0.3327104576996395,2.823755979537964
primary,3,101,0.0001,59,413,8.083889915582235e-05,0.3486790955066681,2.50255286693573
primary,3,101,0.0001,60,420,8.022080115363127e-05,0.2894814078296934,2.6302764415740967
primary,3,101,0.0001,61,427,7.959536998847744e-05,0.36255213405404774,2.272765874862671
primary,3,101,0.0001,62,434,7.89627599761423e-05,0.3454234791653497,2.337756872177124
primary,3,101,0.0001,63,441,7.832312720368048e-05,0.32251389963286264,2.691122531890869
primary,3,101,0.0001,64,448,7.767662949090753e-05,0.2656892218760082,2.3508691787719727
primary,3,101,0.0001,65,455,7.702342635146033e-05,0.2816316655703953,2.4464807510375977
primary,3,101,0.0001,66,462,7.636367895343946e-05,0.2897397662912096,2.5246355533599854
primary,3,101,0.0001,67,469,7.569755007964338e-05,0.30466605722904205,2.599682927131653
primary,3,101,0.0001,68,476,7.502520408740418e-05,0.24938182745661056,2.94759202003479
primary,3,101,0.0001,69,483,7.43468068680349e-05,0.37498029853616444,2.6047706604003906
primary,3,101,0.0001,70,490,7.366252580589839e-05,0.23801591167492525,2.5929627418518066
primary,3,101,0.0001,71,497,7.297252973710757e-05,0.26976571338517324,2.411449909210205
primary,3,101,0.0001,72,504,7.22769889078678e-05,0.2738350544657026,2.363262176513672
primary,3,101,0.0001,73,511,7.15760749324711e-05,0.24896741764886038,2.496087074279785
primary,3,101,0.0001,74,518,7.086996075095289e-05,0.23925488122871943,2.396775722503662
primary,3,101,0.0001,75,525,7.015882058642164e-05,0.2283408386366708,3.0339138507843018
primary,3,101,0.0001,76,532,6.944282990207195e-05,0.2935005213533129,2.411206007003784
primary,3,101,0.0001,77,539,6.872216535789157e-05,0.29722326142447336,2.954667568206787
primary,3,101,0.0001,78,546,6.799700476707323e-05,0.2131165081102933,2.4052741527557373
primary,3,101,0.0001,79,553,6.726752705214194e-05,0.20652305441243307,2.5417981147766113
primary,3,101,0.0001,80,560,6.65339122008084e-05,0.23114363277064903,2.5028213262557983
primary,3,101,0.001,1,7,0.001,0.7453455669539315,7.560797214508057
primary,3,101,0.001,2,14,0.000999938933078422,0.7925857560975211,3.4088284969329834
primary,3,101,0.001,3,21,0.0009997557473810372,0.6832387447357178,3.430314779281616
primary,3,101,0.001,4,28,0.0009994504881061753,0.6465480881077903,3.2172958850860596
primary,3,101,0.001,5,35,0.0009990232305719944,0.6299410590103695,2.9180099964141846
primary,3,101,0.001,6,42,0.0009984740801978985,0.5163211332900184,3.5727806091308594
primary,3,101,0.001,7,49,0.0009978031724785245,0.6173877843788692,2.8714444637298584
primary,3,101,0.001,8,56,0.000997010672950314,0.6839859400476728,2.81304669380188
primary,3,101,0.001,9,63,0.0009960967771506667,0.5631512190614428,2.767906665802002
primary,3,101,0.001,10,70,0.000995061710569696,0.5468799940177372,2.9123034477233887
primary,3,101,0.001,11,77,0.0009939057285945933,0.6341806777885982,3.2620556354522705
primary,3,101,0.001,12,84,0.000992629116446613,0.4777875521353313,2.5519192218780518
primary,3,101,0.001,13,91,0.000991232189110701,0.47120790822165354,2.6616854667663574
primary,3,101,0.001,14,98,0.0009897152912577741,0.5246475466660091,2.5829083919525146
primary,3,101,0.001,15,105,0.00098807879715968,0.4253798233611243,3.011465549468994
primary,3,101,0.001,16,112,0.00098632311059685,0.548957816192082,2.9302825927734375
primary,3,101,0.001,17,119,0.0009844486647586723,0.47722294075148447,3.0238115787506104
primary,3,101,0.001,18,126,0.00098245592213661,0.46263246663979124,2.6750965118408203
primary,3,101,0.001,19,133,0.0009803453744100868,0.5501266292163304,3.768186926841736
primary,3,101,0.001,20,140,0.0009781175423251734,0.42656743100711275,2.7932870388031006
primary,3,101,0.001,21,147,0.0009757729755661011,0.5004756578377315,3.3748364448547363
primary,3,101,0.001,22,154,0.0009733122526196349,0.5572413674422673,3.0847721099853516
primary,3,101,0.001,23,161,0.0009707359806323416,0.5231886463505881,2.746044635772705
primary,3,101,0.001,24,168,0.0009680447952607845,0.4028849686895098,2.490682363510132
primary,3,101,0.001,25,175,0.0009652393605146844,0.41891259593623026,3.519014596939087
primary,3,101,0.001,26,182,0.000962320368593087,0.3171268411512886,2.7537715435028076
primary,3,101,0.001,27,189,0.0009592885397135706,0.35852654704025816,2.6022497415542603
primary,3,101,0.001,28,196,0.0009561446219345453,0.33825823771102087,2.5263686180114746
primary,3,101,0.001,29,203,0.0009528893909706797,0.34859526583126615,2.6512789726257324
primary,3,101,0.001,30,210,0.0009495236500015047,0.40190390391009195,2.8267364501953125
primary,3,101,0.001,31,217,0.0009460482294732421,0.40892631241253447,2.4614052772521973
primary,3,101,0.001,32,224,0.0009424639868939033,0.28236800857952665,2.5773696899414062
primary,3,101,0.001,33,231,0.0009387718066217125,0.34627424819128855,2.628903865814209
primary,3,101,0.001,34,238,0.0009349725996469047,0.25845298383917126,3.571580171585083
primary,3,101,0.001,35,245,0.0009310673033669522,0.3346021239246641,2.3598639965057373
primary,3,101,0.001,36,252,0.0009270568813552756,0.35511635669640135,2.8553192615509033
primary,3,101,0.001,37,259,0.0009229423231234975,0.29510015674999784,2.2535688877105713
primary,3,101,0.001,38,266,0.0009187246438772938,0.24074710054056986,2.761385917663574
primary,3,101,0.001,39,273,0.0009144048842659081,0.22016610843794687,2.4688647985458374
primary,3,101,0.001,40,280,0.0009099841101253866,0.22299460747412272,2.6796963214874268
primary,3,101,0.001,41,287,0.000905463412215599,0.33380870308194843,3.1145113706588745
primary,3,101,0.001,42,294,0.0009008439059511099,0.3774769263608115,3.0424962043762207
primary,3,101,0.001,43,301,0.0008961267311259666,0.29126174109322683,3.510182738304138
primary,3,101,0.001,44,308,0.0008913130516324732,0.2568430081009865,2.775866985321045
primary,3,101,0.001,45,315,0.0008864040551740157,0.24081459641456604,2.6376705169677734
primary,3,101,0.001,46,322,0.0008814009529720154,0.1758132427930832,3.1050831079483032
primary,3,101,0.001,47,329,0.0008763049794670775,0.1766825425438583,2.8434213399887085
primary,3,101,0.001,48,336,0.0008711173920144117,0.2668721584071006,2.8717780113220215
primary,3,101,0.001,49,343,0.0008658394705735987,0.15570729545184545,3.669010877609253
primary,3,101,0.001,50,350,0.0008604725173927785,0.2413217829806464,2.988672971725464
primary,3,101,0.001,51,357,0.000855017856687341,0.1681384997708457,2.712552070617676
primary,3,101,0.001,52,364,0.0008494768343131955,0.15538619458675385,3.0321322679519653
primary,3,101,0.001,53,371,0.0008438508174347009,0.18040464392730168,2.591283082962036
primary,3,101,0.001,54,378,0.0008381411941873378,0.16503297803657396,2.9240705966949463
primary,3,101,0.001,55,385,0.0008323493733352077,0.17813982495239802,2.3891799449920654
primary,3,101,0.001,56,392,0.000826476783923441,0.14083763744149888,3.054738759994507
primary,3,101,0.001,57,399,0.0008205248749256015,0.1283930710383824,3.1161298751831055
primary,3,101,0.001,58,406,0.0008144951148861742,0.14658854715526104,3.075360417366028
primary,3,101,0.001,59,413,0.0008083889915582234,0.1445656642317772,2.743872284889221
primary,3,101,0.001,60,420,0.0008022080115363127,0.15569398924708366,3.0621118545532227
primary,3,101,0.001,61,427,0.0007959536998847743,0.16799014913184301,2.943507671356201
primary,3,101,0.001,62,434,0.0007896275997614229,0.16335951749767577,4.54773211479187
primary,3,101,0.001,63,441,0.0007832312720368048,0.3879646978207997,4.158689975738525
primary,3,101,0.001,64,448,0.0007767662949090753,0.27632939389773775,3.2457664012908936
primary,3,101,0.001,65,455,0.0007702342635146033,0.2052911456142153,3.0228676795959473
primary,3,101,0.001,66,462,0.0007636367895343947,0.1215285025537014,3.3241662979125977
primary,3,101,0.001,67,469,0.0007569755007964338,0.18521399476698466,2.9023091793060303
primary,3,101,0.01,1,7,0.01,36.89964485168457,2107.831901550293
primary,3,101,0.01,2,14,0.00999938933078422,1133.1983163016182,1212.6867504119873
primary,3,101,0.01,3,21,0.009997557473810372,232.55102321079798,244.842156291008
primary,3,101,0.01,4,28,0.009994504881061753,239.27830069405692,2940.7493286132812
primary,3,101,0.01,5,35,0.009990232305719944,480.31298828125,510.865779876709
primary,3,101,0.01,6,42,0.009984740801978984,90.40845162527901,213.44045782089233
primary,3,101,0.01,7,49,0.009978031724785246,134.22543607439314,94.74286234378815
primary,3,101,0.01,8,56,0.00997010672950314,28.310707773481095,28.584452748298645
primary,3,101,0.01,9,63,0.009960967771506667,21.657340356281825,33.69365668296814
primary,3,101,0.01,10,70,0.00995061710569696,9.095226866858345,3.242295742034912
primary,3,101,0.01,11,77,0.009939057285945933,0.8979195313794273,3.2178406715393066
primary,3,101,0.01,12,84,0.00992629116446613,0.5241650513240269,3.2174792289733887
primary,3,101,0.01,13,91,0.00991232189110701,0.5885447178568158,3.218149185180664
primary,3,101,0.01,14,98,0.00989715291257774,0.6174153515270778,3.222778797149658
primary,3,101,0.01,15,105,0.0098807879715968,0.5037751570343971,3.2327866554260254
primary,3,101,0.01,16,112,0.0098632311059685,0.6930787222726005,3.2380008697509766
primary,3,101,0.01,17,119,0.009844486647586723,0.6109363053526197,3.2313361167907715
primary,3,101,0.01,18,126,0.0098245592213661,0.5042233648044723,3.231414318084717
primary,3,101,0.01,19,133,0.009803453744100868,0.6457228277410779,3.229340076446533
primary,3,101,0.01,20,140,0.009781175423251734,0.5757986945765359,3.2248592376708984
primary,3,101,0.01,21,147,0.009757729755661011,0.5482007179941449,3.226302146911621
primary,3,101,0.01,22,154,0.009733122526196349,0.5731221735477448,3.235200881958008
primary,3,101,0.01,23,161,0.009707359806323416,0.615218528679439,3.248180389404297
primary,3,101,0.01,24,168,0.009680447952607845,0.6245395200593131,3.2471227645874023
primary,3,101,0.01,25,175,0.009652393605146845,0.6220781462533134,3.2344722747802734
primary,3,101,0.01,26,182,0.00962320368593087,0.5252928989274162,3.2294793128967285
primary,3,101,0.01,27,189,0.009592885397135707,0.5013738263930593,3.2246646881103516
primary,3,101,0.01,28,196,0.009561446219345454,0.503676043025085,3.2216453552246094
primary,3,101,0.01,29,203,0.009528893909706798,0.5791619505201068,3.224095344543457
primary,3,101,0.01,30,210,0.009495236500015047,0.538646033832005,3.226409435272217
primary,3,101,0.01,31,217,0.00946048229473242,0.5755197107791901,3.229166030883789
primary,3,101,0.01,32,224,0.009424639868939034,0.49859506024846006,3.2304162979125977
primary,3,101,0.01,33,231,0.009387718066217124,0.49811653207455364,3.2334914207458496
primary,3,101,0.01,34,238,0.009349725996469048,0.5587594721998487,3.234264850616455
primary,3,101,0.01,35,245,0.00931067303366952,0.6272270168576922,3.240346908569336
primary,3,101,0.01,36,252,0.009270568813552756,0.6701086844716754,3.2479467391967773
primary,3,101,0.01,37,259,0.009229423231234974,0.5867450279848916,3.2534217834472656
primary,3,101,0.01,38,266,0.009187246438772938,0.5560713282653263,3.253983497619629
primary,3,101,0.01,39,273,0.009144048842659082,0.5233303819383893,3.244906425476074
primary,3,101,0.01,40,280,0.009099841101253866,0.5502551283155169,3.2450428009033203
primary,3,101,0.01,41,287,0.00905463412215599,0.6327581405639648,3.2467689514160156
primary,3,101,0.01,42,294,0.0090084390595111,0.6164065471717289,3.235611915588379
primary,4,101,1e-05,1,7,1e-05,0.604859152010509,3.366861343383789
primary,4,101,1e-05,2,14,9.99938933078422e-06,0.5407769041402,3.3607091903686523
primary,4,101,1e-05,3,21,9.997557473810373e-06,0.5578787624835968,3.3516156673431396
primary,4,101,1e-05,4,28,9.994504881061752e-06,0.5593932739325932,3.3536250591278076
primary,4,101,1e-05,5,35,9.990232305719944e-06,0.5250749289989471,3.3667118549346924
primary,4,101,1e-05,6,42,9.984740801978984e-06,0.49235723274094717,3.367504835128784
primary,4,101,1e-05,7,49,9.978031724785247e-06,0.5074036823851722,3.3833234310150146
primary,4,101,1e-05,8,56,9.97010672950314e-06,0.5691911237580436,3.4012205600738525
primary,4,101,1e-05,9,63,9.960967771506666e-06,0.6385292197976794,3.4246785640716553
primary,4,101,1e-05,10,70,9.950617105696961e-06,0.4920198917388916,3.4166066646575928
primary,4,101,1e-05,11,77,9.939057285945933e-06,0.5114121564796993,3.4076013565063477
primary,4,101,1e-05,12,84,9.926291164466131e-06,0.6230290532112122,3.3849735260009766
primary,4,101,1e-05,13,91,9.91232189110701e-06,0.575125264269965,3.3679676055908203
primary,4,101,1e-05,14,98,9.897152912577742e-06,0.4957232954246657,3.3574604988098145
primary,4,101,1e-05,15,105,9.8807879715968e-06,0.5028632666383471,3.355853796005249
primary,4,101,1e-05,16,112,9.8632311059685e-06,0.5183062851428986,3.342031955718994
primary,4,101,1e-05,17,119,9.844486647586724e-06,0.5019477541957583,3.3465051651000977
primary,4,101,1e-05,18,126,9.824559221366101e-06,0.48427498766354155,3.351520299911499
primary,4,101,1e-05,19,133,9.803453744100868e-06,0.5301315571580615,3.3739662170410156
primary,4,101,1e-05,20,140,9.781175423251734e-06,0.4833885111979076,3.3729803562164307
primary,4,101,1e-05,21,147,9.757729755661012e-06,0.676668473652431,3.3526952266693115
primary,4,101,1e-05,22,154,9.73312252619635e-06,0.5769987404346466,3.3379311561584473
primary,4,101,1e-05,23,161,9.707359806323418e-06,0.5525751709938049,3.3607654571533203
primary,4,101,1e-05,24,168,9.680447952607845e-06,0.5196218022278377,3.378007650375366
primary,4,101,1e-05,25,175,9.652393605146845e-06,0.5311801901885441,3.389638662338257
primary,4,101,1e-05,26,182,9.62320368593087e-06,0.5988360345363617,3.4054694175720215
primary,4,101,1e-05,27,189,9.592885397135707e-06,0.5725562870502472,3.398864269256592
primary,4,101,1e-05,28,196,9.561446219345455e-06,0.5191933342388698,3.4076831340789795
primary,4,101,1e-05,29,203,9.528893909706798e-06,0.5497458406857082,3.403437852859497
primary,4,101,1e-05,30,210,9.495236500015048e-06,0.5326686160905021,3.3814547061920166
primary,4,101,1e-05,31,217,9.460482294732422e-06,0.4945462527019637,3.359560251235962
primary,4,101,1e-05,32,224,9.424639868939035e-06,0.6226467468908855,3.3511321544647217
primary,4,101,1e-05,33,231,9.387718066217125e-06,0.49446260929107666,3.3389642238616943
primary,4,101,1e-05,34,238,9.349725996469047e-06,0.5487647950649261,3.342664957046509
primary,4,101,1e-05,35,245,9.310673033669522e-06,0.5648697018623352,3.3311545848846436
primary,4,101,1e-05,36,252,9.270568813552757e-06,0.6128982262951987,3.334099054336548
primary,4,101,1e-05,37,259,9.229423231234975e-06,0.5433509264673505,3.343090772628784
primary,4,101,1e-05,38,266,9.18724643877294e-06,0.5240454503468105,3.352539539337158
primary,4,101,1e-05,39,273,9.144048842659081e-06,0.6294925212860107,3.3609790802001953
primary,4,101,1e-05,40,280,9.099841101253867e-06,0.4695402043206351,3.3519599437713623
primary,4,101,1e-05,41,287,9.054634122155991e-06,0.5897953425134931,3.3313241004943848
primary,4,101,1e-05,42,294,9.0084390595111e-06,0.5292725733348301,3.33349609375
primary,4,101,1e-05,43,301,8.961267311259668e-06,0.6411155036517552,3.341968297958374
primary,4,101,1e-05,44,308,8.913130516324733e-06,0.5280363261699677,3.3464996814727783
primary,4,101,1e-05,45,315,8.864040551740158e-06,0.4793087105665888,3.339862585067749
primary,4,101,1e-05,46,322,8.814009529720155e-06,0.5725128991263253,3.3245201110839844
primary,4,101,1e-05,47,329,8.763049794670776e-06,0.5221114882401058,3.3204398155212402
primary,4,101,1e-05,48,336,8.711173920144118e-06,0.5926101399319512,3.3124563694000244
primary,4,101,1e-05,49,343,8.658394705735988e-06,0.5440886744431087,3.313396692276001
primary,4,101,1e-05,50,350,8.604725173927786e-06,0.515350980418069,3.3248636722564697
primary,4,101,1e-05,51,357,8.550178566873412e-06,0.5760698318481445,3.332350492477417
primary,4,101,1e-05,52,364,8.494768343131955e-06,0.5041820704936981,3.3508896827697754
primary,4,101,1e-05,53,371,8.43850817434701e-06,0.6116587732519422,3.3574328422546387
primary,4,101,1e-05,54,378,8.381411941873379e-06,0.5277258285454342,3.3512275218963623
primary,4,101,1e-05,55,385,8.323493733352078e-06,0.49763170736176626,3.342318534851074
primary,4,101,1e-05,56,392,8.26476783923441e-06,0.644420108624867,3.331146478652954
primary,4,101,1e-05,57,399,8.205248749256014e-06,0.4693668229239328,3.3260443210601807
primary,4,101,1e-05,58,406,8.144951148861743e-06,0.6233413645199367,3.340728521347046
primary,4,101,1e-05,59,413,8.083889915582235e-06,0.6158778156552996,3.3319668769836426
primary,4,101,1e-05,60,420,8.022080115363127e-06,0.4948610046080181,3.343200445175171
primary,4,101,1e-05,61,427,7.959536998847744e-06,0.5753855449812753,3.3510935306549072
primary,4,101,1e-05,62,434,7.89627599761423e-06,0.5206548401287624,3.3469159603118896
primary,4,101,1e-05,63,441,7.832312720368048e-06,0.5110699364117214,3.3323376178741455
primary,4,101,1e-05,64,448,7.767662949090754e-06,0.5967907905578613,3.3403539657592773
primary,4,101,1e-05,65,455,7.702342635146033e-06,0.5536461217062814,3.357989549636841
primary,4,101,1e-05,66,462,7.636367895343947e-06,0.45892694273165296,3.3500185012817383
primary,4,101,1e-05,67,469,7.5697550079643376e-06,0.5115240003381457,3.3612558841705322
primary,4,101,1e-05,68,476,7.502520408740418e-06,0.4721360760075705,3.348066806793213
primary,4,101,1e-05,69,483,7.43468068680349e-06,0.560119513954435,3.3250606060028076
primary,4,101,1e-05,70,490,7.366252580589839e-06,0.5359367302485875,3.335066318511963
primary,4,101,1e-05,71,497,7.297252973710756e-06,0.5915769636631012,3.339005470275879
primary,4,101,1e-05,72,504,7.227698890786779e-06,0.6048287621566227,3.342539072036743
primary,4,101,1e-05,73,511,7.15760749324711e-06,0.5929642362254006,3.3344955444335938
primary,4,101,1e-05,74,518,7.086996075095289e-06,0.5369389610631126,3.3405792713165283
primary,4,101,1e-05,75,525,7.015882058642164e-06,0.4687149301171303,3.3426218032836914
primary,4,101,1e-05,76,532,6.9442829902071945e-06,0.4743443706205913,3.3317084312438965
primary,4,101,1e-05,77,539,6.8722165357891564e-06,0.5981397713933673,3.316870927810669
primary,4,101,1e-05,78,546,6.799700476707323e-06,0.6408626139163971,3.310875654220581
primary,4,101,1e-05,79,553,6.726752705214193e-06,0.4655032956174442,3.3043782711029053
primary,4,101,1e-05,80,560,6.65339122008084e-06,0.631089597940445,3.302259683609009
primary,4,101,1e-05,81,567,6.57963412215599e-06,0.5068135218960899,3.3152101039886475
primary,4,101,1e-05,82,574,6.505499609899905e-06,0.43847382214984726,3.3137848377227783
primary,4,101,1e-05,83,581,6.431005974894185e-06,0.5248254537582397,3.31141996383667
primary,4,101,1e-05,84,588,6.356171597328595e-06,0.7073716308389392,3.308201551437378
primary,4,101,1e-05,85,595,6.28101494146603e-06,0.46278089231678415,3.304831027984619
primary,4,101,1e-05,86,602,6.205554551086732e-06,0.6320090208734784,3.291252613067627
primary,4,101,1e-05,87,609,6.129809044912887e-06,0.5093831207071032,3.284820556640625
primary,4,101,1e-05,88,616,6.053797112014738e-06,0.5541498788765499,3.2906980514526367
primary,4,101,1e-05,89,623,5.977537507199338e-06,0.6346015419278827,3.283986806869507
primary,4,101,1e-05,90,630,5.901049046383077e-06,0.5061688891478947,3.2978177070617676
primary,4,101,1e-05,91,637,5.824350601949143e-06,0.5940457114151546,3.3136813640594482
primary,4,101,1e-05,92,644,5.7474610980910354e-06,0.5788597081388746,3.330015182495117
primary,4,101,1e-05,93,651,5.6703995061433075e-06,0.4809304518359048,3.331235647201538
primary,4,101,1e-05,94,658,5.5931848399006745e-06,0.5280928526605878,3.3283698558807373
primary,4,101,1e-05,95,665,5.515836150926646e-06,0.4796593870435442,3.3345959186553955
primary,4,101,1e-05,96,672,5.438372523852833e-06,0.6250765749386379,3.3258039951324463
primary,4,101,1e-05,97,679,5.360813071670101e-06,0.450859788273062,3.328458786010742
primary,4,101,1e-05,98,686,5.283176931012731e-06,0.5081888437271118,3.3198134899139404
primary,4,101,1e-05,99,693,5.205483257436735e-06,0.5362410375050136,3.318453073501587
primary,4,101,1e-05,100,700,5.127751220693512e-06,0.4843950697353908,3.323331594467163
primary,4,101,1e-05,101,707,5.05e-06,0.5422634524958474,3.3315012454986572
primary,4,101,1e-05,102,714,4.972248779306488e-06,0.44544101799173014,3.321929454803467
primary,4,101,1e-05,103,721,4.8945167425632645e-06,0.4805881104299,3.317241907119751
primary,4,101,1e-05,104,728,4.816823068987269e-06,0.4727778988225119,3.313145160675049
primary,4,101,1e-05,105,735,4.7391869283298985e-06,0.6231868990830013,3.301509380340576
primary,4,101,1e-05,106,742,4.661627476147168e-06,0.5656204521656036,3.295703411102295
primary,4,101,1e-05,107,749,4.584163849073354e-06,0.476516706602914,3.2912943363189697
primary,4,101,1e-05,108,756,4.506815160099326e-06,0.5233122408390045,3.291813373565674
primary,4,101,1e-05,109,763,4.429600493856694e-06,0.5392764551298959,3.2846028804779053
primary,4,101,1e-05,110,770,4.352538901908967e-06,0.5044633575848171,3.2640299797058105
primary,4,101,1e-05,111,777,4.275649398050858e-06,0.46227143917764935,3.261336088180542
primary,4,101,1e-05,112,784,4.198950953616922e-06,0.5825665976319995,3.2592310905456543
primary,4,101,1e-05,113,791,4.122462492800663e-06,0.5146960275513786,3.2687783241271973
primary,4,101,1e-05,114,798,4.046202887985263e-06,0.45518933875220163,3.2738075256347656
primary,4,101,1e-05,115,805,3.970190955087116e-06,0.4587455242872238,3.2725210189819336
primary,4,101,1e-05,116,812,3.894445448913268e-06,0.5922721028327942,3.27620005607605
primary,4,101,1e-05,117,819,3.818985058533969e-06,0.5160510582583291,3.2811880111694336
primary,4,101,1e-05,118,826,3.7438284026714044e-06,0.45899876952171326,3.280815839767456
primary,4,101,1e-05,119,833,3.6689940251058153e-06,0.6380577342850822,3.2739624977111816
primary,4,101,1e-05,120,840,3.594500390100096e-06,0.6397526945386615,3.2740015983581543
primary,4,101,1e-05,121,847,3.5203658778440116e-06,0.48177058356148855,3.2778255939483643
primary,4,101,1e-05,122,854,3.4466087799191603e-06,0.5878850945404598,3.280912160873413
primary,4,101,1e-05,123,861,3.3732472947858077e-06,0.43614121499870506,3.2879154682159424
primary,4,101,1e-05,124,868,3.300299523292678e-06,0.46249301944460186,3.2941524982452393
primary,4,101,1e-05,125,875,3.227783464210845e-06,0.5243161789008549,3.29250431060791
primary,4,101,1e-05,126,882,3.155717009792807e-06,0.5299413693802697,3.29258131980896
primary,4,101,1e-05,127,889,3.0841179413578354e-06,0.43835214685116497,3.2876195907592773
primary,4,101,1e-05,128,896,3.0130039249047117e-06,0.4317413435450622,3.2841198444366455
primary,4,101,1e-05,129,903,2.9423925067528904e-06,0.54673484819276,3.280839443206787
primary,4,101,1e-05,130,910,2.87230110921322e-06,0.4763705347265516,3.2806615829467773
primary,4,101,1e-05,131,917,2.8027470262892435e-06,0.49509713479450773,3.2899580001831055
primary,4,101,1e-05,132,924,2.7337474194101625e-06,0.5486349633761815,3.2950687408447266
primary,4,101,1e-05,133,931,2.6653193131965085e-06,0.5562745673315865,3.297985553741455
primary,4,101,1e-05,134,938,2.5974795912595824e-06,0.5463252535888127,3.2999496459960938
primary,4,101,1e-05,135,945,2.530244992035662e-06,0.4501624894993646,3.296674966812134
primary,4,101,1e-05,136,952,2.4636321046560533e-06,0.46658079964773996,3.290844678878784
primary,4,101,1e-05,137,959,2.3976573648539653e-06,0.487634471484593,3.2908377647399902
primary,4,101,1e-05,138,966,2.332337050909247e-06,0.45797909264053616,3.290604829788208
primary,4,101,1e-05,139,973,2.267687279631953e-06,0.5548219361475536,3.286546468734741
primary,4,101,1e-05,140,980,2.2037240023857708e-06,0.5402321943214962,3.2842423915863037
primary,4,101,1e-05,141,987,2.1404630011522584e-06,0.472728077854429,3.283625364303589
primary,4,101,1e-05,142,994,2.0779198846368745e-06,0.5107329785823822,3.2863047122955322
primary,4,101,0.0001,1,7,0.0001,0.5967434772423336,3.436296224594116
primary,4,101,0.0001,2,14,9.99938933078422e-05,0.5034203103610447,3.3205490112304688
primary,4,101,0.0001,3,21,9.997557473810373e-05,0.5679126956633159,3.3528997898101807
primary,4,101,0.0001,4,28,9.994504881061753e-05,0.5370339580944606,3.4625284671783447
primary,4,101,0.0001,5,35,9.990232305719945e-05,0.5690059321267265,3.320774555206299
primary,4,101,0.0001,6,42,9.984740801978984e-05,0.5021093977349145,3.2480056285858154
primary,4,101,0.0001,7,49,9.978031724785247e-05,0.4939044203077044,3.4488723278045654
primary,4,101,0.0001,8,56,9.97010672950314e-05,0.5804705832685743,3.258971691131592
primary,4,101,0.0001,9,63,9.960967771506667e-05,0.6546515694686345,3.275904893875122
primary,4,101,0.0001,10,70,9.95061710569696e-05,0.4549767907176699,3.2863619327545166
primary,4,101,0.0001,11,77,9.939057285945933e-05,0.46966122516563963,3.383652448654175
primary,4,101,0.0001,12,84,9.926291164466132e-05,0.5883866761411939,3.139981985092163
primary,4,101,0.0001,13,91,9.91232189110701e-05,0.49249938130378723,3.1628758907318115
primary,4,101,0.0001,14,98,9.897152912577741e-05,0.45385912699358805,3.1759021282196045
primary,4,101,0.0001,15,105,9.8807879715968e-05,0.43426922815186636,3.254507303237915
primary,4,101,0.0001,16,112,9.8632311059685e-05,0.47711856024605886,3.091270923614502
primary,4,101,0.0001,17,119,9.844486647586725e-05,0.4097849801182747,3.130218505859375
primary,4,101,0.0001,18,126,9.824559221366101e-05,0.41019624897411894,3.1164920330047607
primary,4,101,0.0001,19,133,9.803453744100869e-05,0.44251600333622526,3.4354143142700195
primary,4,101,0.0001,20,140,9.781175423251735e-05,0.44527394430977957,3.0172877311706543
primary,4,101,0.0001,21,147,9.757729755661011e-05,0.5880270898342133,3.6219027042388916
primary,4,101,0.0001,22,154,9.73312252619635e-05,0.45605077913829256,3.1377758979797363
primary,4,101,0.0001,23,161,9.707359806323417e-05,0.4135286935738155,3.21193528175354
primary,4,101,0.0001,24,168,9.680447952607845e-05,0.435682156256267,3.1431033611297607
primary,4,101,0.0001,25,175,9.652393605146844e-05,0.4161145431654794,3.1003170013427734
primary,4,101,0.0001,26,182,9.623203685930869e-05,0.4404915230614798,2.980159282684326
primary,4,101,0.0001,27,189,9.592885397135707e-05,0.4944442553179605,3.371413230895996
primary,4,101,0.0001,28,196,9.561446219345454e-05,0.42071772047451567,2.9822793006896973
primary,4,101,0.0001,29,203,9.528893909706797e-05,0.43850148575646536,3.0428056716918945
primary,4,101,0.0001,30,210,9.495236500015047e-05,0.3680851800101144,3.225694417953491
primary,4,101,0.0001,31,217,9.460482294732421e-05,0.3943394294806889,3.042592763900757
primary,4,101,0.0001,32,224,9.424639868939033e-05,0.4779743935380663,3.1817407608032227
primary,4,101,0.0001,33,231,9.387718066217124e-05,0.3993770480155945,3.037909746170044
primary,4,101,0.0001,34,238,9.349725996469047e-05,0.41863733530044556,2.9895713329315186
primary,4,101,0.0001,35,245,9.310673033669521e-05,0.37940517919404165,2.9535911083221436
primary,4,101,0.0001,36,252,9.270568813552756e-05,0.4332601683480399,3.0440707206726074
primary,4,101,0.0001,37,259,9.229423231234974e-05,0.366628565958568,2.958975315093994
primary,4,101,0.0001,38,266,9.187246438772939e-05,0.3385002291096108,2.9754202365875244
primary,4,101,0.0001,39,273,9.14404884265908e-05,0.4190022647380829,2.9253385066986084
primary,4,101,0.0001,40,280,9.099841101253866e-05,0.32478916299130234,3.270256280899048
primary,4,101,0.0001,41,287,9.05463412215599e-05,0.4037175157240459,2.9764885902404785
primary,4,101,0.0001,42,294,9.0084390595111e-05,0.3693993581192834,3.0845725536346436
primary,4,101,0.0001,43,301,8.961267311259666e-05,0.4973619005509785,2.909680128097534
primary,4,101,0.0001,44,308,8.913130516324733e-05,0.4171269110270909,2.906996011734009
primary,4,101,0.0001,45,315,8.864040551740158e-05,0.3383865399020059,2.977238893508911
primary,4,101,0.0001,46,322,8.814009529720155e-05,0.3659262614590781,2.83160400390625
primary,4,101,0.0001,47,329,8.763049794670775e-05,0.3338415707860674,3.073228359222412
primary,4,101,0.0001,48,336,8.711173920144117e-05,0.388960525393486,2.846688985824585
primary,4,101,0.0001,49,343,8.658394705735987e-05,0.3321680703333446,2.8980135917663574
primary,4,101,0.0001,50,350,8.604725173927785e-05,0.36647994816303253,2.855929136276245
primary,4,101,0.0001,51,357,8.55017856687341e-05,0.3651170517717089,3.001509428024292
primary,4,101,0.0001,52,364,8.494768343131955e-05,0.29397283161857296,3.064476490020752
primary,4,101,0.0001,53,371,8.438508174347009e-05,0.3934682863099234,2.8370683193206787
primary,4,101,0.0001,54,378,8.381411941873378e-05,0.29803525656461716,2.930131196975708
primary,4,101,0.0001,55,385,8.323493733352077e-05,0.32711523345538546,3.016688346862793
primary,4,101,0.0001,56,392,8.26476783923441e-05,0.4321736693382263,3.0686521530151367
primary,4,101,0.0001,57,399,8.205248749256015e-05,0.3026335665157863,2.769292712211609
primary,4,101,0.0001,58,406,8.144951148861742e-05,0.37912216782569885,2.784297466278076
primary,4,101,0.0001,59,413,8.083889915582235e-05,0.30914180619376047,3.029285192489624
primary,4,101,0.0001,60,420,8.022080115363127e-05,0.28521261896405903,3.3646323680877686
primary,4,101,0.0001,61,427,7.959536998847744e-05,0.4688124103205545,2.7802534103393555
primary,4,101,0.0001,62,434,7.89627599761423e-05,0.3202290747846876,2.7792136669158936
primary,4,101,0.0001,63,441,7.832312720368048e-05,0.3053492712123053,2.649686098098755
primary,4,101,0.0001,64,448,7.767662949090753e-05,0.38885425456932615,2.6702364683151245
primary,4,101,0.0001,65,455,7.702342635146033e-05,0.30813452175685335,2.764187216758728
primary,4,101,0.0001,66,462,7.636367895343946e-05,0.2725980430841446,2.8571025133132935
primary,4,101,0.0001,67,469,7.569755007964338e-05,0.28733729890414644,2.9393739700317383
primary,4,101,0.0001,68,476,7.502520408740418e-05,0.26557950249740053,2.985331416130066
primary,4,101,0.0001,69,483,7.43468068680349e-05,0.3067464083433151,2.835741639137268
primary,4,101,0.0001,70,490,7.366252580589839e-05,0.2834651895931789,2.8310216665267944
primary,4,101,0.0001,71,497,7.297252973710757e-05,0.25072886049747467,2.86953067779541
primary,4,101,0.0001,72,504,7.22769889078678e-05,0.3325754020895277,3.1846015453338623
primary,4,101,0.0001,73,511,7.15760749324711e-05,0.31813577456133707,2.88960337638855
primary,4,101,0.0001,74,518,7.086996075095289e-05,0.26453575811215807,3.022783637046814
primary,4,101,0.0001,75,525,7.015882058642164e-05,0.287928364106587,2.822672128677368
primary,4,101,0.0001,76,532,6.944282990207195e-05,0.25536176562309265,2.7050129175186157
primary,4,101,0.0001,77,539,6.872216535789157e-05,0.3109545792852129,2.7273725271224976
primary,4,101,0.0001,78,546,6.799700476707323e-05,0.30366393285138266,2.7035874128341675
primary,4,101,0.0001,79,553,6.726752705214194e-05,0.21650691064340727,2.7456066608428955
primary,4,101,0.0001,80,560,6.65339122008084e-05,0.32181745767593384,3.2304699420928955
primary,4,101,0.0001,81,567,6.57963412215599e-05,0.26122755237988066,2.816476345062256
primary,4,101,0.0001,82,574,6.505499609899905e-05,0.2180553185088294,2.9025827646255493
primary,4,101,0.0001,83,581,6.431005974894185e-05,0.2624927077974592,2.8919988870620728
primary,4,101,0.0001,84,588,6.356171597328596e-05,0.3146412266152246,2.9115010499954224
primary,4,101,0.0001,85,595,6.281014941466031e-05,0.24397680163383484,2.993976593017578
primary,4,101,0.0001,86,602,6.205554551086733e-05,0.32257659307547976,2.925755262374878
primary,4,101,0.0001,87,609,6.129809044912887e-05,0.24374037555285863,3.3826276063919067
primary,4,101,0.0001,88,616,6.053797112014738e-05,0.2522877815312573,2.9077712297439575
primary,4,101,0.0001,89,623,5.977537507199338e-05,0.28956668078899384,2.855926990509033
primary,4,101,0.0001,90,630,5.901049046383077e-05,0.24033704825810023,2.853720784187317
primary,4,101,0.0001,91,637,5.8243506019491436e-05,0.2591546294944627,2.8438637256622314
primary,4,101,0.0001,92,644,5.7474610980910354e-05,0.252877590911729,2.729461908340454
primary,4,101,0.0001,93,651,5.6703995061433075e-05,0.29435200563498903,2.934698462486267
primary,4,101,0.001,1,7,0.001,0.729790985584259,3.587867498397827
primary,4,101,0.001,2,14,0.000999938933078422,0.5274918441261564,3.4167726039886475
primary,4,101,0.001,3,21,0.0009997557473810372,0.5621797655309949,3.2055933475494385
primary,4,101,0.001,4,28,0.0009994504881061753,0.5510019532271794,3.1957459449768066
primary,4,101,0.001,5,35,0.0009990232305719944,0.506825966494424,3.0817792415618896
primary,4,101,0.001,6,42,0.0009984740801978985,0.5088216151509967,3.265033006668091
primary,4,101,0.001,7,49,0.0009978031724785245,0.5950574108532497,3.9093449115753174
primary,4,101,0.001,8,56,0.000997010672950314,0.4756679769073214,3.778809070587158
primary,4,101,0.001,9,63,0.0009960967771506667,0.5546869294984,3.2008137702941895
primary,4,101,0.001,10,70,0.000995061710569696,0.46216099177088055,3.591984987258911
primary,4,101,0.001,11,77,0.0009939057285945933,0.4421169800417764,3.16536021232605
primary,4,101,0.001,12,84,0.000992629116446613,0.6445164552756718,3.4886391162872314
primary,4,101,0.001,13,91,0.000991232189110701,0.6009869618075234,3.2870068550109863
primary,4,101,0.001,14,98,0.0009897152912577741,0.4190086498690237,3.009418487548828
primary,4,101,0.001,15,105,0.00098807879715968,0.43903584139687674,3.2083492279052734
primary,4,101,0.001,16,112,0.00098632311059685,0.40511439527784077,2.877568244934082
primary,4,101,0.001,17,119,0.0009844486647586723,0.3997291901281902,2.9698739051818848
primary,4,101,0.001,18,126,0.00098245592213661,0.3965595843536513,3.2715141773223877
primary,4,101,0.001,19,133,0.0009803453744100868,0.3500066804034369,3.068474769592285
primary,4,101,0.001,20,140,0.0009781175423251734,0.4015475809574127,2.915287733078003
primary,4,101,0.001,21,147,0.0009757729755661011,0.39886198937892914,2.7711446285247803
primary,4,101,0.001,22,154,0.0009733122526196349,0.38000638357230593,4.358663558959961
primary,4,101,0.001,23,161,0.0009707359806323416,0.5829634900603976,3.6259310245513916
primary,4,101,0.001,24,168,0.0009680447952607845,0.38612225013119833,3.1169503927230835
primary,4,101,0.001,25,175,0.0009652393605146844,0.3744948548930032,3.1293742656707764
primary,4,101,0.001,26,182,0.000962320368593087,0.34208554880959646,2.837618589401245
primary,4,101,0.001,27,189,0.0009592885397135706,0.4385111949273518,2.4495739936828613
primary,4,101,0.001,28,196,0.0009561446219345453,0.35175902928624836,2.6057589054107666
primary,4,101,0.001,29,203,0.0009528893909706797,0.3231727544750486,3.2472046613693237
primary,4,101,0.001,30,210,0.0009495236500015047,0.31542972581727163,2.529345750808716
primary,4,101,0.001,31,217,0.0009460482294732421,0.27425325927989824,2.409047245979309
primary,4,101,0.001,32,224,0.0009424639868939033,0.34900310529129847,5.660746455192566
primary,4,101,0.001,33,231,0.0009387718066217125,0.4828953274658748,3.4439523220062256
primary,4,101,0.001,34,238,0.0009349725996469047,0.3301272711583546,2.6370766162872314
primary,4,101,0.001,35,245,0.0009310673033669522,0.2543973709855761,3.0407289266586304
primary,4,101,0.001,36,252,0.0009270568813552756,0.2714237059865679,3.2241415977478027
primary,4,101,0.001,37,259,0.0009229423231234975,0.271085119673184,2.5584115982055664
primary,4,101,0.001,38,266,0.0009187246438772938,0.3130595918212618,2.793370842933655
primary,4,101,0.001,39,273,0.0009144048842659081,0.23894762779985154,3.646298885345459
primary,4,101,0.001,40,280,0.0009099841101253866,0.32311672291585375,2.890733480453491
primary,4,101,0.001,41,287,0.000905463412215599,0.31487093014376505,2.82844877243042
primary,4,101,0.001,42,294,0.0009008439059511099,0.32169474235602785,3.076263666152954
primary,4,101,0.001,43,301,0.0008961267311259666,0.24608292749949864,3.6843104362487793
primary,4,101,0.001,44,308,0.0008913130516324732,0.18041125259229115,3.3108654022216797
primary,4,101,0.001,45,315,0.0008864040551740157,0.17545276348079955,2.667158842086792
primary,4,101,0.001,46,322,0.0008814009529720154,0.26552111336163114,3.146549344062805
primary,4,101,0.001,47,329,0.0008763049794670775,0.21897850930690765,3.46267831325531
primary,4,101,0.001,48,336,0.0008711173920144117,0.2525973788329533,2.660346269607544
primary,4,101,0.001,49,343,0.0008658394705735987,0.22580457691635406,3.7317503690719604
primary,4,101,0.001,50,350,0.0008604725173927785,0.24485012676034654,2.80091392993927
primary,4,101,0.001,51,357,0.000855017856687341,0.16688758773463114,2.7930914163589478
primary,4,101,0.001,52,364,0.0008494768343131955,0.13841118876423156,2.5838444232940674
primary,4,101,0.001,53,371,0.0008438508174347009,0.23683726361819676,2.583580732345581
primary,4,101,0.001,54,378,0.0008381411941873378,0.11235109503780093,2.974769115447998
primary,4,101,0.001,55,385,0.0008323493733352077,0.12374742728258882,2.8494523763656616
primary,4,101,0.001,56,392,0.000826476783923441,0.1934388897248677,3.003110885620117
primary,4,101,0.001,57,399,0.0008205248749256015,0.16732028339590346,3.086763024330139
primary,4,101,0.001,58,406,0.0008144951148861742,0.1755566288317953,2.720542788505554
primary,4,101,0.001,59,413,0.0008083889915582234,0.1346548359308924,3.186889886856079
primary,4,101,0.001,60,420,0.0008022080115363127,0.1366770373923438,2.633570909500122
primary,4,101,0.001,61,427,0.0007959536998847743,0.10650363777365003,3.2135366201400757
primary,4,101,0.01,1,7,0.01,160.20294318880354,183.0412598848343
primary,4,101,0.01,2,14,0.00999938933078422,2099.1680793762207,572.2079194784164
primary,4,101,0.01,3,21,0.009997557473810372,3475.2348196847097,32208.201293945312
primary,4,101,0.01,4,28,0.009994504881061753,2209.666028703962,2874.52042388916
primary,4,101,0.01,5,35,0.009990232305719944,640.2020961216518,1247.553550004959
primary,4,101,0.01,6,42,0.009984740801978984,273.67394937787736,418.0602527856827
primary,4,101,0.01,7,49,0.009978031724785246,284.8669913155692,1844.2688522338867
primary,4,101,0.01,8,56,0.00997010672950314,188.40569686889648,712.2982349395752
primary,4,101,0.01,9,63,0.009960967771506667,180.38340214320593,476.3260898590088
primary,4,101,0.01,10,70,0.00995061710569696,100.51238523210797,696.4288368225098
primary,4,101,0.01,11,77,0.009939057285945933,63.13466726030622,4.048067808151245
primary,4,101,0.01,12,84,0.00992629116446613,12.109778267996651,20.0929012298584
primary,4,101,0.01,13,91,0.00991232189110701,1.461056879588536,3.3991241455078125
primary,4,101,0.01,14,98,0.00989715291257774,0.598607850926263,3.372958183288574
primary,4,101,0.01,15,105,0.0098807879715968,0.5122263133525848,3.37003755569458
primary,4,101,0.01,16,112,0.0098632311059685,0.5278974430901664,3.3653674125671387
primary,4,101,0.01,17,119,0.009844486647586723,63.218553338732036,865.4280757904053
primary,4,101,0.01,18,126,0.0098245592213661,145.16759163992745,357.3109292984009
primary,4,101,0.01,19,133,0.009803453744100868,65.71643529619489,642.5108966827393
primary,4,101,0.01,20,140,0.009781175423251734,92.41245378766742,266.6112756729126
primary,4,101,0.01,21,147,0.009757729755661011,43.832374164036345,350.5573501586914
primary,4,101,0.01,22,154,0.009733122526196349,48.711964879717144,108.14548945426941
primary,4,101,0.01,23,161,0.009707359806323416,16.49677630833217,164.93672060966492
primary,4,101,0.01,24,168,0.009680447952607845,53.79741110120501,75.98252713680267
primary,4,101,0.01,25,175,0.009652393605146845,23.777983801705496,187.4368736743927
primary,4,101,0.01,26,182,0.00962320368593087,40.7678279876709,19.63054847717285
primary,4,101,0.01,27,189,0.009592885397135707,38.27586146763393,194.36630249023438
primary,4,101,0.01,28,196,0.009561446219345454,22.56854452405657,55.54437470436096
primary,4,101,0.01,29,203,0.009528893909706798,14.214215006147112,32.90734076499939
primary,4,101,0.01,30,210,0.009495236500015047,8.360989230019706,26.497926712036133
primary,4,101,0.01,31,217,0.00946048229473242,3.128904033984457,3.365945816040039
primary,4,101,0.01,32,224,0.009424639868939034,0.8600772534097944,3.3597984313964844
primary,4,101,0.01,33,231,0.009387718066217124,0.748305835894176,3.354099750518799
primary,4,101,0.01,34,238,0.009349725996469048,0.5557195288794381,3.3501009941101074
primary,4,101,0.01,35,245,0.00931067303366952,0.5602467996733529,3.3528785705566406
primary,4,101,0.01,36,252,0.009270568813552756,0.6087146954877036,3.363987445831299
primary,4,101,0.01,37,259,0.009229423231234974,0.5542315585272652,3.370248317718506
primary,4,101,0.01,38,266,0.009187246438772938,0.5150801965168544,3.379255771636963
primary,4,101,0.01,39,273,0.009144048842659082,0.633551516703197,3.399639129638672
primary,4,101,0.01,40,280,0.009099841101253866,0.49437023060662405,3.3834943771362305
primary,4,101,0.01,41,287,0.00905463412215599,0.6158688153539386,3.3679776191711426
primary,4,101,0.01,42,294,0.0090084390595111,0.5154434655393872,3.366532802581787
primary,4,101,0.01,43,301,0.008961267311259666,0.646052965096065,3.371400833129883
primary,4,101,0.01,44,308,0.008913130516324731,0.5261121732848031,3.3801498413085938
primary,4,101,0.01,45,315,0.008864040551740157,0.4925293156078884,3.3917012214660645
primary,4,101,0.01,46,322,0.008814009529720154,0.5481688891138349,3.382349967956543
primary,4,101,0.01,47,329,0.008763049794670776,0.5483478818620954,3.374807834625244
primary,4,101,0.01,48,336,0.008711173920144118,0.5915493667125702,3.366340160369873
primary,4,101,0.01,49,343,0.008658394705735987,0.5610330743449075,3.361146926879883
primary,4,101,0.01,50,350,0.008604725173927784,0.5482818356582096,3.361112117767334
primary,4,101,0.01,51,357,0.00855017856687341,0.5902119321482522,3.364500045776367
primary,4,101,0.01,52,364,0.008494768343131955,0.49503167825085775,3.3698477745056152
primary,4,101,0.01,53,371,0.00843850817434701,0.6171882791178567,3.3702359199523926
primary,4,101,0.01,54,378,0.008381411941873378,0.531637796333858,3.3685364723205566
primary,4,101,0.01,55,385,0.008323493733352076,0.5040693751403263,3.3680033683776855
primary,4,101,0.01,56,392,0.008264767839234409,0.6297332303864616,3.365166664123535
primary,4,101,0.01,57,399,0.008205248749256015,0.4923308278833117,3.3627848625183105
primary,4,101,0.01,58,406,0.008144951148861742,0.6505063091005597,3.362802505493164
primary,4,101,0.01,59,413,0.008083889915582234,0.6430152824946812,3.357407569885254
primary,4,101,0.01,60,420,0.008022080115363126,0.5152791781084878,3.3570914268493652
primary,4,101,0.01,61,427,0.007959536998847744,0.6088263860770634,3.357417106628418
primary,4,101,0.01,62,434,0.00789627599761423,0.5556396629129138,3.3593673706054688
primary,4,101,0.01,63,441,0.007832312720368047,0.5257195063999721,3.365184783935547
primary,4,101,0.01,64,448,0.007767662949090753,0.627940799508776,3.3726978302001953
shadow,0,101,1e-05,1,7,1e-05,0.4745783250032005,3.250047394723603
shadow,0,101,1e-05,2,14,9.99938933078422e-06,0.468738568680627,3.250774267948035
shadow,0,101,1e-05,3,21,9.997557473810373e-06,0.633645019360951,3.2496122880415483
shadow,0,101,1e-05,4,28,9.994504881061752e-06,0.6050818051610675,3.2457564382842095
shadow,0,101,1e-05,5,35,9.990232305719944e-06,0.6145645550319127,3.2402510209517046
shadow,0,101,1e-05,6,42,9.984740801978984e-06,0.47957916531179634,3.2347430604876894
shadow,0,101,1e-05,7,49,9.978031724785247e-06,0.5554535090923309,3.229382370457505
shadow,0,101,1e-05,8,56,9.97010672950314e-06,0.48321624831961735,3.228787971265388
shadow,0,101,1e-05,9,63,9.960967771506666e-06,0.5175298239503588,3.2311006025834517
shadow,0,101,1e-05,10,70,9.950617105696961e-06,0.5056479828698295,3.231923652417732
shadow,0,101,1e-05,11,77,9.939057285945933e-06,0.5065827241965702,3.2319305882309424
shadow,0,101,1e-05,12,84,9.926291164466131e-06,0.5636317644800458,3.2320558952562735
shadow,0,101,1e-05,13,91,9.91232189110701e-06,0.567885507430349,3.2285891446200283
shadow,0,101,1e-05,14,98,9.897152912577742e-06,0.4610694338168417,3.2276886448715674
shadow,0,101,1e-05,15,105,9.8807879715968e-06,0.5872296690940857,3.22581435694839
shadow,0,101,1e-05,16,112,9.8632311059685e-06,0.6467048696109227,3.2246017456054688
shadow,0,101,1e-05,17,119,9.844486647586724e-06,0.4979312089937074,3.222657405968868
shadow,0,101,1e-05,18,126,9.824559221366101e-06,0.5400770051138741,3.221119736180161
shadow,0,101,1e-05,19,133,9.803453744100868e-06,0.6916541712624686,3.2194516731031015
shadow,0,101,1e-05,20,140,9.781175423251734e-06,0.47833892915930065,3.218493606104995
shadow,0,101,1e-05,21,147,9.757729755661012e-06,0.5017754818711962,3.218752080743963
shadow,0,101,1e-05,22,154,9.73312252619635e-06,0.7877830607550484,3.2147699991861978
shadow,0,101,1e-05,23,161,9.707359806323418e-06,0.4955228843859264,3.2080508145419033
shadow,0,101,1e-05,24,168,9.680447952607845e-06,0.7278559591088977,3.204248370546283
shadow,0,101,1e-05,25,175,9.652393605146845e-06,0.5532607053007398,3.2007698290275806
shadow,0,101,1e-05,26,182,9.62320368593087e-06,0.8379707208701542,3.200323162656842
shadow,0,101,1e-05,27,189,9.592885397135707e-06,0.49140189215540886,3.2007314508611504
shadow,0,101,1e-05,28,196,9.561446219345455e-06,0.47023241233546287,3.197318105986624
shadow,0,101,1e-05,29,203,9.528893909706798e-06,0.5157704225608281,3.1927825465346826
shadow,0,101,1e-05,30,210,9.495236500015048e-06,0.4657044251050268,3.189697959206321
shadow,0,101,1e-05,31,217,9.460482294732422e-06,0.5043985481773104,3.183123964251894
shadow,0,101,1e-05,32,224,9.424639868939035e-06,0.47868010734340977,3.1807634758226797
shadow,0,101,1e-05,33,231,9.387718066217125e-06,0.5551442716802869,3.1794990770744556
shadow,0,101,1e-05,34,238,9.349725996469047e-06,0.7396524378231594,3.177071311257102
shadow,0,101,1e-05,35,245,9.310673033669522e-06,0.5071660322802407,3.175039117986506
shadow,0,101,1e-05,36,252,9.270568813552757e-06,0.47237581121070044,3.174569794625947
shadow,0,101,1e-05,37,259,9.229423231234975e-06,0.47952295733349665,3.1714084509647256
shadow,0,101,1e-05,38,266,9.18724643877294e-06,0.5119778215885162,3.1694111679539536
shadow,0,101,1e-05,39,273,9.144048842659081e-06,0.5960338584014347,3.1655953147194604
shadow,0,101,1e-05,40,280,9.099841101253867e-06,0.6984733151538032,3.1587968306107954
shadow,0,101,1e-05,41,287,9.054634122155991e-06,0.474316132920129,3.153299042672822
shadow,0,101,1e-05,42,294,9.0084390595111e-06,0.47371651019368854,3.1492420543323862
shadow,0,101,1e-05,43,301,8.961267311259668e-06,0.5159591564110347,3.1418325250799004
shadow,0,101,1e-05,44,308,8.913130516324733e-06,0.4671167550342424,3.138797413219105
shadow,0,101,1e-05,45,315,8.864040551740158e-06,0.4679716181542192,3.135484637636127
shadow,0,101,1e-05,46,322,8.814009529720155e-06,0.6673564591578075,3.127950494939631
shadow,0,101,1e-05,47,329,8.763049794670776e-06,0.7268896741526467,3.121847441702178
shadow,0,101,1e-05,48,336,8.711173920144118e-06,0.4915605751531465,3.116844408439867
shadow,0,101,1e-05,49,343,8.658394705735988e-06,0.4721056760421821,3.1154241850881865
shadow,0,101,1e-05,50,350,8.604725173927786e-06,0.4684526932666943,3.1149876912434897
shadow,0,101,1e-05,51,357,8.550178566873412e-06,0.6109838102545057,3.113345059481534
shadow,0,101,1e-05,52,364,8.494768343131955e-06,0.4862279679094042,3.1129316850142046
shadow,0,101,1e-05,53,371,8.43850817434701e-06,0.5489994628088815,3.109988819469105
shadow,0,101,1e-05,54,378,8.381411941873379e-06,0.5759391784667969,3.1090531782670454
shadow,0,101,1e-05,55,385,8.323493733352078e-06,0.47748856246471405,3.1025533965139678
shadow,0,101,1e-05,56,392,8.26476783923441e-06,0.4688583375619991,3.096437627618963
shadow,0,101,1e-05,57,399,8.205248749256014e-06,0.4705302289554051,3.091478289979877
shadow,0,101,1e-05,58,406,8.144951148861743e-06,0.7457880973815918,3.084362608013731
shadow,0,101,1e-05,59,413,8.083889915582235e-06,0.4715379327535629,3.0775456284031724
shadow,0,101,1e-05,60,420,8.022080115363127e-06,0.47454685611384256,3.0707039110588306
shadow,0,101,1e-05,61,427,7.959536998847744e-06,0.4598970588828836,3.0676463734019888
shadow,0,101,1e-05,62,434,7.89627599761423e-06,0.4687578060797283,3.065943400065104
shadow,0,101,1e-05,63,441,7.832312720368048e-06,0.686383136681148,3.063182021632339
shadow,0,101,1e-05,64,448,7.767662949090754e-06,0.6465683707169124,3.060567682439631
shadow,0,101,1e-05,65,455,7.702342635146033e-06,0.601752336536135,3.0545645049124053
shadow,0,101,1e-05,66,462,7.636367895343947e-06,0.4547845707940204,3.0488836115056817
shadow,0,101,1e-05,67,469,7.5697550079643376e-06,0.7596841284206935,3.0439235802852744
shadow,0,101,1e-05,68,476,7.502520408740418e-06,0.5052926795823234,3.039118448893229
shadow,0,101,1e-05,69,483,7.43468068680349e-06,0.4660153548632349,3.036225058815696
shadow,0,101,1e-05,70,490,7.366252580589839e-06,0.4871614064489092,3.0311013424035274
shadow,0,101,1e-05,71,497,7.297252973710756e-06,0.4813109976904733,3.0258786750562265
shadow,0,101,1e-05,72,504,7.227698890786779e-06,0.44853077589401175,3.0212434710878315
shadow,0,101,1e-05,73,511,7.15760749324711e-06,0.47644278194223133,3.0171256787849194
shadow,0,101,1e-05,74,518,7.086996075095289e-06,0.4718186115579946,3.0182194565281724
shadow,0,101,1e-05,75,525,7.015882058642164e-06,0.46872749711786,3.0188446044921875
shadow,0,101,1e-05,76,532,6.9442829902071945e-06,0.4635932683242053,3.012277776544744
shadow,0,101,1e-05,77,539,6.8722165357891564e-06,0.461788290313312,3.004545731977983
shadow,0,101,1e-05,78,546,6.799700476707323e-06,0.4596339796137597,3.0027902776544746
shadow,0,101,1e-05,79,553,6.726752705214193e-06,0.5080220656735557,2.9967706853693183
shadow,0,101,1e-05,80,560,6.65339122008084e-06,0.5018605632441384,2.9944499622691763
shadow,0,101,1e-05,81,567,6.57963412215599e-06,0.4615663635278387,2.9932248664624765
shadow,0,101,1e-05,82,574,6.505499609899905e-06,0.45217415743640493,2.991102276426373
shadow,0,101,1e-05,83,581,6.431005974894185e-06,0.4661827044827597,2.985820192279238
shadow,0,101,1e-05,84,588,6.356171597328595e-06,0.6880219578742981,2.982996853915128
shadow,0,101,1e-05,85,595,6.28101494146603e-06,0.5105842437062945,2.9788018428918086
shadow,0,101,1e-05,86,602,6.205554551086732e-06,0.47153020011527197,2.9766424930456914
shadow,0,101,1e-05,87,609,6.129809044912887e-06,0.4509752281010151,2.9723684137517754
shadow,0,101,1e-05,88,616,6.053797112014738e-06,0.5172540928636279,2.9649554165926846
shadow,0,101,1e-05,89,623,5.977537507199338e-06,0.6927507988044194,2.9601678559274385
shadow,0,101,1e-05,90,630,5.901049046383077e-06,0.49598659362111774,2.9563298080906724
shadow,0,101,1e-05,91,637,5.824350601949143e-06,0.5406131190913064,2.951673796682647
shadow,0,101,1e-05,92,644,5.7474610980910354e-06,0.564060355935778,2.9454519098455254
shadow,0,101,1e-05,93,651,5.6703995061433075e-06,0.7136117092200688,2.9413216330788354
shadow,0,101,1e-05,94,658,5.5931848399006745e-06,0.4708944580384663,2.9360150423916904
shadow,0,101,1e-05,95,665,5.515836150926646e-06,0.46177571586200167,2.9325776533647017
shadow,0,101,1e-05,96,672,5.438372523852833e-06,0.437668035297455,2.9289141568270596
shadow,0,101,1e-05,97,679,5.360813071670101e-06,0.5135203131607601,2.926816535718513
shadow,0,101,1e-05,98,686,5.283176931012731e-06,0.4399807964052473,2.9262373953154595
shadow,0,101,1e-05,99,693,5.205483257436735e-06,0.5516906125204903,2.9199711192737925
shadow,0,101,1e-05,100,700,5.127751220693512e-06,0.4299390689869012,2.913105820164536
shadow,0,101,1e-05,101,707,5.05e-06,0.45269928872585297,2.909487637606534
shadow,0,101,1e-05,102,714,4.972248779306488e-06,0.47016931431634085,2.903936906294389
shadow,0,101,1e-05,103,721,4.8945167425632645e-06,0.46156276549611774,2.903560985218395
shadow,0,101,1e-05,104,728,4.816823068987269e-06,0.47043496796063017,2.9040642940636836
shadow,0,101,1e-05,105,735,4.7391869283298985e-06,0.5315011058534894,2.9052604906486743
shadow,0,101,1e-05,106,742,4.661627476147168e-06,0.4776246590273721,2.910706259987571
shadow,0,101,1e-05,107,749,4.584163849073354e-06,0.5499202545200076,2.903798883611506
shadow,0,101,1e-05,108,756,4.506815160099326e-06,0.4648482160908835,2.8910688920454546
shadow,0,101,1e-05,109,763,4.429600493856694e-06,0.44339307823351454,2.8830915508848247
shadow,0,101,1e-05,110,770,4.352538901908967e-06,0.4791527326617922,2.8804337472626655
shadow,0,101,1e-05,111,777,4.275649398050858e-06,0.5156009708132062,2.8731996940843985
shadow,0,101,1e-05,112,784,4.198950953616922e-06,0.5571001533951078,2.8698344375147964
shadow,0,101,1e-05,113,791,4.122462492800663e-06,0.5059955162661416,2.866370923591383
shadow,0,101,1e-05,114,798,4.046202887985263e-06,0.5653899354594094,2.864915789979877
shadow,0,101,1e-05,115,805,3.970190955087116e-06,0.4843240124838693,2.864052512428977
shadow,0,101,1e-05,116,812,3.894445448913268e-06,0.8327746433871133,2.8577790693803267
shadow,0,101,1e-05,117,819,3.818985058533969e-06,0.43842972282852444,2.8565805608575996
shadow,0,101,1e-05,118,826,3.7438284026714044e-06,0.6405453681945801,2.8604008067737925
shadow,0,101,1e-05,119,833,3.6689940251058153e-06,0.6707833196435656,2.858477968158144
shadow,0,101,1e-05,120,840,3.594500390100096e-06,0.5354194215365818,2.8497309829249526
shadow,0,101,1e-05,121,847,3.5203658778440116e-06,0.5401840380259922,2.844343243223248
shadow,0,101,1e-05,122,854,3.4466087799191603e-06,0.629735359123775,2.842046795469342
shadow,0,101,1e-05,123,861,3.3732472947858077e-06,0.45104357600212097,2.8403336496064155
shadow,0,101,1e-05,124,868,3.300299523292678e-06,0.4583319053053856,2.838403643983783
shadow,0,101,1e-05,125,875,3.227783464210845e-06,0.5206246546336583,2.8370208740234375
shadow,0,101,1e-05,126,882,3.155717009792807e-06,0.43248865992895197,2.8317182136304453
shadow,0,101,1e-05,127,889,3.0841179413578354e-06,0.4282843561044761,2.825836181640625
shadow,0,101,1e-05,128,896,3.0130039249047117e-06,0.49776133043425425,2.8239191228693183
shadow,0,101,1e-05,129,903,2.9423925067528904e-06,0.4362085696817043,2.82066738244259
shadow,0,101,1e-05,130,910,2.87230110921322e-06,0.434857282122331,2.8181332674893467
shadow,0,101,1e-05,131,917,2.8027470262892435e-06,0.5006627610751561,2.8153617165305396
shadow,0,101,1e-05,132,924,2.7337474194101625e-06,0.4968119519097464,2.8131013350053267
shadow,0,101,1e-05,133,931,2.6653193131965085e-06,0.6191682815551758,2.8143437703450522
shadow,0,101,1e-05,134,938,2.5974795912595824e-06,0.4867864889757974,2.8106465195164536
shadow,0,101,1e-05,135,945,2.530244992035662e-06,0.7462299679006849,2.8085082083037407
shadow,0,101,1e-05,136,952,2.4636321046560533e-06,0.48187752280916485,2.807109717166785
shadow,0,101,1e-05,137,959,2.3976573648539653e-06,0.6121922390801566,2.805348020611387
shadow,0,101,1e-05,138,966,2.332337050909247e-06,0.49180186646325247,2.804514335863518
shadow,0,101,1e-05,139,973,2.267687279631953e-06,0.4183531307748386,2.8032635775479404
shadow,0,101,1e-05,140,980,2.2037240023857708e-06,0.5281041775430951,2.799148097182765
shadow,0,101,1e-05,141,987,2.1404630011522584e-06,0.455309408051627,2.7964893687855112
shadow,0,101,1e-05,142,994,2.0779198846368745e-06,0.4477456158825329,2.7935952851266572
shadow,0,101,1e-05,143,1001,2.0161100844177658e-06,0.44838715504322735,2.791260921593868
shadow,0,101,1e-05,144,1008,1.9550488511382593e-06,0.4591748150331633,2.790678544477983
shadow,0,101,1e-05,145,1015,1.894751250743986e-06,0.4196102936153433,2.789522575609612
shadow,0,101,1e-05,146,1022,1.8352321607655916e-06,0.6794262485844749,2.788116455078125
shadow,0,101,1e-05,147,1029,1.7765062666479242e-06,0.5004826741559165,2.786326784076113
shadow,0,101,1e-05,148,1036,1.7185880581266217e-06,0.4503904591713633,2.7847322406190815
shadow,0,101,1e-05,149,1043,1.6614918256529908e-06,0.4292023070156574,2.7834234526663115
shadow,0,101,1e-05,150,1050,1.6052316568680442e-06,0.5414405379976545,2.7825668797348486
shadow,0,101,1e-05,151,1057,1.5498214331265902e-06,0.5935640718255725,2.781619910037879
shadow,0,101,1e-05,152,1064,1.495274826072216e-06,0.4270197451613577,2.7803240689364346
shadow,0,101,1e-05,153,1071,1.441605294264014e-06,0.5072643501417977,2.7791637073863638
shadow,0,101,1e-05,154,1078,1.3888260798558817e-06,0.4301779365965298,2.777967741995147
shadow,0,101,1e-05,155,1085,1.3369502053292252e-06,0.7621639583792005,2.7769865556196733
shadow,0,101,1e-05,156,1092,1.285990470279847e-06,0.4279175135307014,2.775945027669271
shadow,0,101,1e-05,157,1099,1.2359594482598438e-06,0.49422915492738995,2.7749557495117188
shadow,0,101,1e-05,158,1106,1.1868694836752686e-06,0.4368527765784945,2.7740332863547583
shadow,0,101,1e-05,159,1113,1.1387326887403326e-06,0.45441353746822905,2.772656065044981
shadow,0,101,1e-05,160,1120,1.0915609404889017e-06,0.44395957248551504,2.7717819213867188
shadow,0,101,1e-05,161,1127,1.0453658778440107e-06,0.5194125643798283,2.7708333333333335
shadow,0,101,1e-05,162,1134,1.0001588987461348e-06,0.524540377514703,2.7699374574603457
shadow,0,101,1e-05,163,1141,9.559511573409195e-07,0.43685748024394605,2.76970302697384
shadow,0,101,1e-05,164,1148,9.127535612270632e-07,0.4392317957224025,2.7692001805160986
shadow,0,101,1e-05,165,1155,8.705767687650265e-07,0.42439474824017714,2.7683570168235083
shadow,0,101,1e-05,166,1162,8.294311864472448e-07,0.4947821795940399,2.767634073893229
shadow,0,101,1e-05,167,1169,7.893269663304784e-07,0.4338962604306289,2.7669617623993843
shadow,0,101,1e-05,168,1176,7.50274003530953e-07,0.56483884368624,2.766503767533736
shadow,0,101,1e-05,169,1183,7.122819337828752e-07,0.6416646242141724,2.765799782492898
shadow,0,101,1e-05,170,1190,6.753601310609673e-07,0.4883556706564767,2.7650689789743135
shadow,0,101,1e-05,171,1197,6.395177052675794e-07,0.6590301947934287,2.7647288929332388
shadow,0,101,1e-05,172,1204,6.047634999849531e-07,0.6368865583624158,2.764334013967803
shadow,0,101,1e-05,173,1211,5.711060902932043e-07,0.6173038014343807,2.764065829190341
shadow,0,101,1e-05,174,1218,5.385537806545469e-07,0.4579110848052161,2.7638924338600854
shadow,0,101,1e-05,175,1225,5.071146028642944e-07,0.4510549455881119,2.7634957053444604
shadow,0,101,1e-05,176,1232,4.7679631406913176e-07,0.4444510926093374,2.7630083488695547
shadow,0,101,1e-05,177,1239,4.4760639485315585e-07,0.4688372952597482,2.762591737689394
shadow,0,101,1e-05,178,1246,4.195520473921565e-07,0.48463514021464754,2.7623711788293086
shadow,0,101,1e-05,179,1253,3.92640193676584e-07,0.5017211948122297,2.762004274310488
shadow,0,101,1e-05,180,1260,3.668774738036508e-07,0.5595234675066811,2.7616551717122397
shadow,0,101,1e-05,181,1267,3.4227024433899004e-07,0.5541835299560002,2.7614535707415957
shadow,0,101,1e-05,182,1274,3.188245767482659e-07,0.5642846013818469,2.7611805308948862
shadow,0,101,1e-05,183,1281,2.9654625589913237e-07,0.43286864033767153,2.7610455137310606
shadow,0,101,1e-05,184,1288,2.754407786339001e-07,0.5637782641819545,2.7607035781397964
shadow,0,101,1e-05,185,1295,2.555133524132767e-07,0.4732944199017116,2.7604374741062974
shadow,0,101,1e-05,186,1302,2.3676889403150103e-07,0.4520093064223017,2.7601579608339253
shadow,0,101,1e-05,187,1309,2.1921202840320077e-07,0.42901191700782093,2.759842150139086
shadow,0,101,1e-05,188,1316,2.0284708742225901e-07,0.4463484457560948,2.75972031102036
shadow,0,101,1e-05,189,1323,1.8767810889299085e-07,0.6401287913322449,2.7595099246863164
shadow,0,101,1e-05,190,1330,1.7370883553386935e-07,0.5492635284151349,2.759343465169271
shadow,0,101,1e-05,191,1337,1.609427140540686e-07,0.5419121810368129,2.7592280994762075
shadow,0,101,1e-05,192,1344,1.493828943030402e-07,0.4984718518597739,2.7591691450639204
shadow,0,101,1e-05,193,1351,1.3903222849333507e-07,0.44753328072173254,2.7591289173473013
shadow,0,101,1e-05,194,1358,1.2989327049686101e-07,0.4596495841230665,2.758992744214607
shadow,0,101,1e-05,195,1365,1.2196827521475402e-07,0.5250986133302961,2.758936795321378
shadow,0,101,1e-05,196,1372,1.1525919802101659e-07,0.5306554010936192,2.758894255667022
shadow,0,101,1e-05,197,1379,1.097676942800558e-07,0.4952775239944458,2.758820736046993
shadow,0,101,1e-05,198,1386,1.0549511893824898e-07,0.43668823517925504,2.7587238658558237
shadow,0,101,1e-05,199,1393,1.0244252618962859e-07,0.4497296195477247,2.7585745146780303
shadow,0,101,1e-05,200,1400,1.006106692157801e-07,0.6271267064980098,2.758426550662879
shadow,0,101,0.0001,1,7,0.0001,0.4902740299834737,3.2268692941376655
shadow,0,101,0.0001,2,14,9.99938933078422e-05,0.4790501920506358,3.2295869769472065
shadow,0,101,0.0001,3,21,9.997557473810373e-05,0.5958542738642011,3.197169217196378
shadow,0,101,0.0001,4,28,9.994504881061753e-05,0.5706144613879067,3.2347955414743135
shadow,0,101,0.0001,5,35,9.990232305719945e-05,0.5765579129968371,3.157184022845644
shadow,0,101,0.0001,6,42,9.984740801978984e-05,0.4791086124522345,3.122660087816643
shadow,0,101,0.0001,7,49,9.978031724785247e-05,0.5465392938682011,3.161484227035985
shadow,0,101,0.0001,8,56,9.97010672950314e-05,0.4815211610070297,3.0630389126864346
shadow,0,101,0.0001,9,63,9.960967771506667e-05,0.4781122867550169,3.077258485736269
shadow,0,101,0.0001,10,70,9.95061710569696e-05,0.49579453255449024,3.014544862689394
shadow,0,101,0.0001,11,77,9.939057285945933e-05,0.49401157668658663,2.9401168823242188
shadow,0,101,0.0001,12,84,9.926291164466132e-05,0.5191911288670131,2.9127703579989346
shadow,0,101,0.0001,13,91,9.91232189110701e-05,0.5332309135368892,2.8247840187766333
shadow,0,101,0.0001,14,98,9.897152912577741e-05,0.4349278331335102,2.7910271846886836
shadow,0,101,0.0001,15,105,9.8807879715968e-05,0.5566357970237732,2.6796969789447207
shadow,0,101,0.0001,16,112,9.8632311059685e-05,0.638616280896323,2.6194636027018228
shadow,0,101,0.0001,17,119,9.844486647586725e-05,0.4695370282445635,2.5526680223869556
shadow,0,101,0.0001,18,126,9.824559221366101e-05,0.49935639330319,2.4674407496596826
shadow,0,101,0.0001,19,133,9.803453744100869e-05,0.5416602790355682,2.3585470950964726
shadow,0,101,0.0001,20,140,9.781175423251735e-05,0.4696671409266336,2.344786441687382
shadow,0,101,0.0001,21,147,9.757729755661011e-05,0.3945159486361912,2.6290463534268467
shadow,0,101,0.0001,22,154,9.73312252619635e-05,0.6425179583685738,2.3692432750355112
shadow,0,101,0.0001,23,161,9.707359806323417e-05,0.4027424837861742,2.4039040767785274
shadow,0,101,0.0001,24,168,9.680447952607845e-05,0.5904740946633475,2.2936849883108428
shadow,0,101,0.0001,25,175,9.652393605146844e-05,0.4803550647837775,2.3794289791222774
shadow,0,101,0.0001,26,182,9.623203685930869e-05,0.6068009670291629,2.709788466944839
shadow,0,101,0.0001,27,189,9.592885397135707e-05,0.3765458698783602,2.67352294921875
shadow,0,101,0.0001,28,196,9.561446219345454e-05,0.4227122643164226,2.8327474883108428
shadow,0,101,0.0001,29,203,9.528893909706797e-05,0.44619488290378023,2.483317750872988
shadow,0,101,0.0001,30,210,9.495236500015047e-05,0.3548165764659643,2.430196357495857
shadow,0,101,0.0001,31,217,9.460482294732421e-05,0.38571032881736755,2.3269010601621685
shadow,0,101,0.0001,32,224,9.424639868939033e-05,0.34573501095707926,2.330178231904001
shadow,0,101,0.0001,33,231,9.387718066217124e-05,0.3546422943472862,2.342598886200876
shadow,0,101,0.0001,34,238,9.349725996469047e-05,0.3264989126473665,2.3530049179539536
shadow,0,101,0.0001,35,245,9.310673033669521e-05,0.37811827659606934,2.6418584187825522
shadow,0,101,0.0001,36,252,9.270568813552756e-05,0.31233961933425497,2.606057831735322
shadow,0,101,0.0001,37,259,9.229423231234974e-05,0.4293790246759142,2.498415397875237
shadow,0,101,0.0001,38,266,9.187246438772939e-05,0.33243708099637714,2.363792881821141
shadow,0,101,0.0001,39,273,9.14404884265908e-05,0.4005230409758432,2.4148185036399146
shadow,0,101,0.0001,40,280,9.099841101253866e-05,0.43655056612832205,2.338743036443537
shadow,0,101,0.0001,41,287,9.05463412215599e-05,0.31169102447373526,2.6877913041548296
shadow,0,101,0.0001,42,294,9.0084390595111e-05,0.34169870615005493,2.5717704079367896
shadow,0,101,0.0001,43,301,8.961267311259666e-05,0.35247062359537396,2.543315771854285
shadow,0,101,0.0001,44,308,8.913130516324733e-05,0.3203494268205499,2.488768837668679
shadow,0,101,0.0001,45,315,8.864040551740158e-05,0.30347577668726444,2.456274090391217
shadow,0,101,0.0001,46,322,8.814009529720155e-05,0.39805800148418974,2.414972247499408
shadow,0,101,0.0001,47,329,8.763049794670775e-05,0.46339838419641766,2.580195109049479
shadow,0,101,0.0001,48,336,8.711173920144117e-05,0.3298988150698798,2.556176387902462
shadow,0,101,0.0001,49,343,8.658394705735987e-05,0.2965057854141508,2.469000382856889
shadow,0,101,0.0001,50,350,8.604725173927785e-05,0.3027272735323225,2.514291474313447
shadow,0,101,0.0001,51,357,8.55017856687341e-05,0.45436639870916096,2.6112751816258286
shadow,0,101,0.0001,52,364,8.494768343131955e-05,0.39381304383277893,2.454019257516572
shadow,0,101,0.0001,53,371,8.438508174347009e-05,0.3805579032216753,2.6144718979344224
shadow,0,101,0.0001,54,378,8.381411941873378e-05,0.35817434745175497,2.957207997639974
shadow,0,101,0.001,1,7,0.001,0.7835187273366111,5.112218914609967
shadow,0,101,0.001,2,14,0.000999938933078422,0.6049685307911464,3.334306427926728
shadow,0,101,0.001,3,21,0.0009997557473810372,0.5744554953915733,3.9040266094785747
shadow,0,101,0.001,4,28,0.0009994504881061753,0.7592602457318988,3.4202314434629497
shadow,0,101,0.001,5,35,0.0009990232305719944,0.6645646265574864,2.925111250443892
shadow,0,101,0.001,6,42,0.0009984740801978985,0.4535052297038159,2.780034151944247
shadow,0,101,0.001,7,49,0.0009978031724785245,0.49164680178676334,2.589466904148911
shadow,0,101,0.001,8,56,0.000997010672950314,0.6650988927909306,2.8870722452799478
shadow,0,101,0.001,9,63,0.0009960967771506667,0.49905210733413696,3.0481925733161694
shadow,0,101,0.001,10,70,0.000995061710569696,0.4809219777317984,2.860276886911103
shadow,0,101,0.001,11,77,0.0009939057285945933,0.42139086020844324,3.613662257339015
shadow,0,101,0.001,12,84,0.000992629116446613,0.5096296604190554,3.459815516616359
shadow,0,101,0.001,13,91,0.000991232189110701,0.43240633606910706,2.9776555841619317
shadow,0,101,0.001,14,98,0.0009897152912577741,0.46227013213293894,2.9680691343365293
shadow,0,101,0.001,15,105,0.00098807879715968,0.48106073481695993,2.8091130112156724
shadow,0,101,0.001,16,112,0.00098632311059685,0.5931768417358398,2.550552136970289
shadow,0,101,0.001,17,119,0.0009844486647586723,0.6658867001533508,3.3148525122440224
shadow,0,101,0.001,18,126,0.00098245592213661,0.5390063183648246,2.862558075875947
shadow,0,101,0.001,19,133,0.0009803453744100868,0.44058750356946674,5.880180358886719
shadow,0,101,0.001,20,140,0.0009781175423251734,0.7283327494348798,5.350140311501243
shadow,0,101,0.001,21,147,0.0009757729755661011,0.6417718338114875,3.142210526899858
shadow,0,101,0.001,22,154,0.0009733122526196349,0.5277657381125859,2.51957402084813
shadow,0,101,0.001,23,161,0.0009707359806323416,0.36564570745187147,2.616978963216146
shadow,0,101,0.001,24,168,0.0009680447952607845,0.2886285036802292,2.7909781716086646
shadow,0,101,0.001,25,175,0.0009652393605146844,0.27807394734450747,3.116726037227746
shadow,0,101,0.001,26,182,0.000962320368593087,0.5016314515045711,2.702433961810488
shadow,0,101,0.001,27,189,0.0009592885397135706,0.29505398869514465,3.1520874717018823
shadow,0,101,0.001,28,196,0.0009561446219345453,0.27695372487817493,2.6792572483871924
shadow,0,101,0.001,29,203,0.0009528893909706797,0.3429519363812038,4.380221858169094
shadow,0,101,0.001,30,210,0.0009495236500015047,0.2750432752072811,2.621529550263376
shadow,0,101,0.001,31,217,0.0009460482294732421,0.28352328283446177,2.987647779060133
shadow,0,101,0.001,32,224,0.0009424639868939033,0.2663084917834827,2.9555317271839487
shadow,0,101,0.001,33,231,0.0009387718066217125,0.24897816378091062,3.9326983365145596
shadow,0,101,0.001,34,238,0.0009349725996469047,0.35788402812821524,4.269128741640033
shadow,0,101,0.001,35,245,0.0009310673033669522,0.339279089655195,3.1826481674656724
shadow,0,101,0.001,36,252,0.0009270568813552756,0.26597069416727337,3.3359512560295337
shadow,0,101,0.001,37,259,0.0009229423231234975,0.23709819146565028,2.87825058445786
shadow,0,101,0.001,38,266,0.0009187246438772938,0.22597732005287494,2.7510343609434185
shadow,0,101,0.001,39,273,0.0009144048842659081,0.21289966894047602,3.1440638917865176
shadow,0,101,0.001,40,280,0.0009099841101253866,0.16026999329083733,2.7603110111120976
shadow,0,101,0.001,41,287,0.000905463412215599,0.21269270924053021,3.283089608857126
shadow,0,101,0.001,42,294,0.0009008439059511099,0.15137768776289054,3.2060563058564155
shadow,0,101,0.001,43,301,0.0008961267311259666,0.2276453429034778,3.3570341630415483
shadow,0,101,0.001,44,308,0.0008913130516324732,0.35378056338855196,4.502462907270952
shadow,0,101,0.001,45,315,0.0008864040551740157,0.21452721634081431,3.988736932927912
shadow,0,101,0.001,46,322,0.0008814009529720154,0.3489472972495215,3.698559616551255
shadow,0,101,0.001,47,329,0.0008763049794670775,0.20363973453640938,2.8874087478175308
shadow,0,101,0.001,48,336,0.0008711173920144117,0.16532331871400988,3.526620575875947
shadow,0,101,0.001,49,343,0.0008658394705735987,0.18565102455405785,3.085185079863577
shadow,0,101,0.001,50,350,0.0008604725173927785,0.14351356577494048,3.4102205218690815
shadow,0,101,0.001,51,357,0.000855017856687341,0.27865261265209745,3.0011931910659326
shadow,0,101,0.001,52,364,0.0008494768343131955,0.1976826712489128,3.3094124071525806
shadow,0,101,0.01,1,7,0.01,176.61706461650985,6293.130001183712
shadow,0,101,0.01,2,14,0.00999938933078422,937.9237452915737,10549.283928148674
shadow,0,101,0.01,3,21,0.009997557473810372,1913.388706752232,7991.984685724432
shadow,0,101,0.01,4,28,0.009994504881061753,793.0269426618304,1663.1553770123105
shadow,0,101,0.01,5,35,0.009990232305719944,1883.8888549804688,17016.740293560608
shadow,0,101,0.01,6,42,0.009984740801978984,4733.828543526785,13281.777787642046
shadow,0,101,0.01,7,49,0.009978031724785246,1604.008989606585,9917.380607836174
shadow,0,101,0.01,8,56,0.00997010672950314,1586.359850202288,8054.323626893939
shadow,0,101,0.01,9,63,0.009960967771506667,1197.6469944545202,4742.657788825758
shadow,0,101,0.01,10,70,0.00995061710569696,362.1724428449358,184.94612838282728
shadow,0,101,0.01,11,77,0.009939057285945933,23.168820449284144,3.2820670387961646
shadow,0,101,0.01,12,84,0.00992629116446613,1.0620048727308,3.275767702044863
shadow,0,101,0.01,13,91,0.00991232189110701,0.55443032511643,3.2671726111209756
shadow,0,101,0.01,14,98,0.00989715291257774,0.47877316762294087,3.262077793930516
shadow,0,101,0.01,15,105,0.0098807879715968,0.5827376629625048,3.262156862201113
shadow,0,101,0.01,16,112,0.0098632311059685,0.6351245130811419,3.2671256787849194
shadow,0,101,0.01,17,119,0.009844486647586723,0.489083499780723,3.2724491466175425
shadow,0,101,0.01,18,126,0.0098245592213661,0.602340042591095,3.275572574499882
shadow,0,101,0.01,19,133,0.009803453744100868,0.6990620919636318,3.2747881340258047
shadow,0,101,0.01,20,140,0.009781175423251734,0.4873891334448542,3.276259913589015
shadow,0,101,0.01,21,147,0.009757729755661011,0.49413502642086576,3.2777619795365767
shadow,0,101,0.01,22,154,0.009733122526196349,0.8047166168689728,3.2750505389589253
shadow,0,101,0.01,23,161,0.009707359806323416,0.4817545440580164,3.271043488473603
shadow,0,101,0.01,24,168,0.009680447952607845,0.6976244662489209,3.269418889825994
shadow,0,101,0.01,25,175,0.009652393605146845,0.5623736126082284,3.266901652018229
shadow,0,101,0.01,26,182,0.00962320368593087,0.8341514383043561,3.2686628861860796
shadow,0,101,0.01,27,189,0.009592885397135707,0.7377623686833041,3.2711454449277935
shadow,0,101,0.01,28,196,0.009561446219345454,0.4766316588169762,3.2708872014825996
shadow,0,101,0.01,29,203,0.009528893909706798,3.2408269303185597,3.2718510483250474
shadow,0,101,0.01,30,210,0.009495236500015047,0.4814543261059693,3.273778973203717
shadow,0,101,0.01,31,217,0.00946048229473242,0.5391686920608793,3.2731843428178267
shadow,0,101,0.01,32,224,0.009424639868939034,0.47692875524184536,3.2742198597301138
shadow,0,101,0.01,33,231,0.009387718066217124,0.5577332973480225,3.2733600500858193
shadow,0,101,0.01,34,238,0.009349725996469048,0.7309232865061078,3.2709369081439394
shadow,0,101,0.01,35,245,0.00931067303366952,0.5402485600539616,3.270710800633286
shadow,0,101,0.01,36,252,0.009270568813552756,0.49026166860546383,3.269725221576113
shadow,0,101,0.01,37,259,0.009229423231234974,0.48191351762839724,3.2701418327562735
shadow,0,101,0.01,38,266,0.009187246438772938,0.7761529896940503,3.2710039543383047
shadow,0,101,0.01,39,273,0.009144048842659082,0.5992776794092995,3.272489143140388
shadow,0,101,0.01,40,280,0.009099841101253866,0.7307999006339482,3.271406462698272
shadow,0,101,0.01,41,287,0.00905463412215599,0.47603325825184584,3.272448915423769
shadow,0,101,0.01,42,294,0.0090084390595111,0.4811027278857572,3.2726408062559185
shadow,0,101,0.01,43,301,0.008961267311259666,0.5018696742398399,3.2710971254290957
shadow,0,101,0.01,44,308,0.008913130516324731,0.4986469532762255,3.271811514189749
shadow,1,101,1e-05,1,7,1e-05,0.49265062010713984,3.4755561351776123
shadow,1,101,1e-05,2,14,9.99938933078422e-06,0.5439832593713488,3.4745676517486572
shadow,1,101,1e-05,3,21,9.997557473810373e-06,0.5601673381669181,3.473012685775757
shadow,1,101,1e-05,4,28,9.994504881061752e-06,0.7250966642584119,3.471827268600464
shadow,1,101,1e-05,5,35,9.990232305719944e-06,0.7132275189672198,3.470508575439453
shadow,1,101,1e-05,6,42,9.984740801978984e-06,0.4653483284637332,3.469146251678467
shadow,1,101,1e-05,7,49,9.978031724785247e-06,0.48382437229156494,3.4676756858825684
shadow,1,101,1e-05,8,56,9.97010672950314e-06,0.4721918058515127,3.466329336166382
shadow,1,101,1e-05,9,63,9.960967771506666e-06,0.5510925906045097,3.465104579925537
shadow,1,101,1e-05,10,70,9.950617105696961e-06,0.5329332564558301,3.463865041732788
shadow,1,101,1e-05,11,77,9.939057285945933e-06,0.48374800916228977,3.462724208831787
shadow,1,101,1e-05,12,84,9.926291164466131e-06,0.48631864360400606,3.4616501331329346
shadow,1,101,1e-05,13,91,9.91232189110701e-06,0.5460372865200043,3.460395574569702
shadow,1,101,1e-05,14,98,9.897152912577742e-06,0.5531990655830928,3.459204912185669
shadow,1,101,1e-05,15,105,9.8807879715968e-06,0.5668543790067945,3.4584949016571045
shadow,1,101,1e-05,16,112,9.8632311059685e-06,0.500856067453112,3.457634925842285
shadow,1,101,1e-05,17,119,9.844486647586724e-06,0.7140502333641052,3.456191062927246
shadow,1,101,1e-05,18,126,9.824559221366101e-06,0.5214161234242576,3.4548277854919434
shadow,1,101,1e-05,19,133,9.803453744100868e-06,0.5110710901873452,3.453357696533203
shadow,1,101,1e-05,20,140,9.781175423251734e-06,0.48457194226128714,3.451723575592041
shadow,1,101,1e-05,21,147,9.757729755661012e-06,0.49380569798605783,3.4505655765533447
shadow,1,101,1e-05,22,154,9.73312252619635e-06,0.5466514442648206,3.4491748809814453
shadow,1,101,1e-05,23,161,9.707359806323418e-06,0.6090873863015857,3.447639226913452
shadow,1,101,1e-05,24,168,9.680447952607845e-06,0.5187492072582245,3.446700096130371
shadow,1,101,1e-05,25,175,9.652393605146845e-06,0.4612601708088602,3.4513461589813232
shadow,1,101,1e-05,26,182,9.62320368593087e-06,0.5748860665730068,3.452716827392578
shadow,1,101,1e-05,27,189,9.592885397135707e-06,0.6215196592467171,3.45420503616333
shadow,1,101,1e-05,28,196,9.561446219345455e-06,0.46095098052839084,3.454603672027588
shadow,1,101,1e-05,29,203,9.528893909706798e-06,0.49944343524319784,3.4568564891815186
shadow,1,101,1e-05,30,210,9.495236500015048e-06,0.6305881525788989,3.4579949378967285
shadow,1,101,1e-05,31,217,9.460482294732422e-06,0.46995751426688265,3.456237316131592
shadow,1,101,1e-05,32,224,9.424639868939035e-06,0.4871773443051747,3.455782651901245
shadow,1,101,1e-05,33,231,9.387718066217125e-06,0.5229512367929731,3.4480316638946533
shadow,1,101,1e-05,34,238,9.349725996469047e-06,0.47195320965589155,3.445795774459839
shadow,1,101,1e-05,35,245,9.310673033669522e-06,0.5328103091035571,3.4402761459350586
shadow,1,101,1e-05,36,252,9.270568813552757e-06,0.7054108125822884,3.439626455307007
shadow,1,101,1e-05,37,259,9.229423231234975e-06,0.5864850452968052,3.4455924034118652
shadow,1,101,1e-05,38,266,9.18724643877294e-06,0.6837195285729,3.4545845985412598
shadow,1,101,1e-05,39,273,9.144048842659081e-06,0.5433541025434222,3.4511280059814453
shadow,1,101,1e-05,40,280,9.099841101253867e-06,0.4838367317404066,3.4446232318878174
shadow,1,101,1e-05,41,287,9.054634122155991e-06,0.6864278188773564,3.438828945159912
shadow,1,101,1e-05,42,294,9.0084390595111e-06,0.45803167830620495,3.4374685287475586
shadow,1,101,1e-05,43,301,8.961267311259668e-06,0.5055037034409386,3.431952714920044
shadow,1,101,1e-05,44,308,8.913130516324733e-06,0.4904481726033347,3.427008867263794
shadow,1,101,1e-05,45,315,8.864040551740158e-06,0.4583207086793014,3.4216198921203613
shadow,1,101,1e-05,46,322,8.814009529720155e-06,0.507274499961308,3.4207630157470703
shadow,1,101,1e-05,47,329,8.763049794670776e-06,0.553738568510328,3.4199044704437256
shadow,1,101,1e-05,48,336,8.711173920144118e-06,0.5513130724430084,3.4210243225097656
shadow,1,101,1e-05,49,343,8.658394705735988e-06,0.5105432101658413,3.4181370735168457
shadow,1,101,1e-05,50,350,8.604725173927786e-06,0.5496427885123661,3.421060562133789
shadow,1,101,1e-05,51,357,8.550178566873412e-06,0.517682671546936,3.421478271484375
shadow,1,101,1e-05,52,364,8.494768343131955e-06,0.4531897306442261,3.4209306240081787
shadow,1,101,1e-05,53,371,8.43850817434701e-06,0.5503880296434674,3.4238665103912354
shadow,1,101,1e-05,54,378,8.381411941873379e-06,0.6849493086338043,3.4182655811309814
shadow,1,101,1e-05,55,385,8.323493733352078e-06,0.4606334535138948,3.4147374629974365
shadow,1,101,1e-05,56,392,8.26476783923441e-06,0.6183670333453587,3.415599822998047
shadow,1,101,1e-05,57,399,8.205248749256014e-06,0.4581784860548786,3.4168860912323
shadow,1,101,1e-05,58,406,8.144951148861743e-06,0.4605473577976227,3.4186594486236572
shadow,1,101,1e-05,59,413,8.083889915582235e-06,0.531564610345023,3.416109800338745
shadow,1,101,1e-05,60,420,8.022080115363127e-06,0.6676989453179496,3.4155869483947754
shadow,1,101,1e-05,61,427,7.959536998847744e-06,0.6566127666405269,3.4208836555480957
shadow,1,101,1e-05,62,434,7.89627599761423e-06,0.6851831333977836,3.418294906616211
shadow,1,101,1e-05,63,441,7.832312720368048e-06,0.47670050604002817,3.418663263320923
shadow,1,101,1e-05,64,448,7.767662949090754e-06,0.5765642523765564,3.421882152557373
shadow,1,101,1e-05,65,455,7.702342635146033e-06,0.4624208922364882,3.4197185039520264
shadow,1,101,1e-05,66,462,7.636367895343947e-06,0.5967439923967633,3.4151523113250732
shadow,1,101,1e-05,67,469,7.5697550079643376e-06,0.47577118447848726,3.409001111984253
shadow,1,101,1e-05,68,476,7.502520408740418e-06,0.5264898453439985,3.4069836139678955
shadow,1,101,1e-05,69,483,7.43468068680349e-06,0.7692596103463855,3.4055981636047363
shadow,1,101,1e-05,70,490,7.366252580589839e-06,0.5290631822177342,3.40592360496521
shadow,1,101,1e-05,71,497,7.297252973710756e-06,0.45133380804743084,3.4063291549682617
shadow,1,101,1e-05,72,504,7.227698890786779e-06,0.462548130857093,3.409466028213501
shadow,1,101,1e-05,73,511,7.15760749324711e-06,0.5758542205606189,3.4098927974700928
shadow,1,101,1e-05,74,518,7.086996075095289e-06,0.7759936196463448,3.4076743125915527
shadow,1,101,1e-05,75,525,7.015882058642164e-06,0.770865546805518,3.406275749206543
shadow,1,101,1e-05,76,532,6.9442829902071945e-06,0.459304971653702,3.40545916557312
shadow,1,101,1e-05,77,539,6.8722165357891564e-06,0.46040010878017973,3.4010465145111084
shadow,1,101,1e-05,78,546,6.799700476707323e-06,0.4529048052957348,3.4006428718566895
shadow,1,101,1e-05,79,553,6.726752705214193e-06,0.488174706697464,3.400033473968506
shadow,1,101,1e-05,80,560,6.65339122008084e-06,0.5018987570490155,3.3993847370147705
shadow,1,101,1e-05,81,567,6.57963412215599e-06,0.6355287432670593,3.3987085819244385
shadow,1,101,1e-05,82,574,6.505499609899905e-06,0.4604359609740121,3.3978428840637207
shadow,1,101,1e-05,83,581,6.431005974894185e-06,0.49139419198036194,3.398911237716675
shadow,1,101,1e-05,84,588,6.356171597328595e-06,0.5850069437708173,3.396683692932129
shadow,1,101,1e-05,85,595,6.28101494146603e-06,0.49096020630427767,3.3946428298950195
shadow,1,101,1e-05,86,602,6.205554551086732e-06,0.553095885685512,3.393956422805786
shadow,1,101,1e-05,87,609,6.129809044912887e-06,0.4578254095145634,3.3953213691711426
shadow,1,101,1e-05,88,616,6.053797112014738e-06,0.47521445580891203,3.3958263397216797
shadow,1,101,1e-05,89,623,5.977537507199338e-06,0.46977583851133076,3.399122476577759
shadow,1,101,1e-05,90,630,5.901049046383077e-06,0.6598661158766065,3.397824764251709
shadow,1,101,1e-05,91,637,5.824350601949143e-06,0.4632257627589362,3.3907408714294434
shadow,1,101,1e-05,92,644,5.7474610980910354e-06,0.556043267250061,3.3896727561950684
shadow,1,101,1e-05,93,651,5.6703995061433075e-06,0.44282474900994984,3.38893461227417
shadow,1,101,1e-05,94,658,5.5931848399006745e-06,0.6734879102025714,3.3882339000701904
shadow,1,101,1e-05,95,665,5.515836150926646e-06,0.4909863131386893,3.3874704837799072
shadow,1,101,1e-05,96,672,5.438372523852833e-06,0.49354448914527893,3.386831760406494
shadow,1,101,1e-05,97,679,5.360813071670101e-06,0.5604422709771565,3.3861424922943115
shadow,1,101,1e-05,98,686,5.283176931012731e-06,0.5771736545222146,3.3860180377960205
shadow,1,101,1e-05,99,693,5.205483257436735e-06,0.5380440865244184,3.385838508605957
shadow,1,101,1e-05,100,700,5.127751220693512e-06,0.42379752706204143,3.3854880332946777
shadow,1,101,1e-05,101,707,5.05e-06,0.474403726203101,3.384845018386841
shadow,1,101,1e-05,102,714,4.972248779306488e-06,0.6313727625778743,3.38423490524292
shadow,1,101,1e-05,103,721,4.8945167425632645e-06,0.452988115804536,3.3836865425109863
shadow,1,101,1e-05,104,728,4.816823068987269e-06,0.4419483034206288,3.3829731941223145
shadow,1,101,1e-05,105,735,4.7391869283298985e-06,0.4494755379855633,3.3825106620788574
shadow,1,101,1e-05,106,742,4.661627476147168e-06,0.5616503741059985,3.3816909790039062
shadow,1,101,1e-05,107,749,4.584163849073354e-06,0.46893479994365145,3.3809616565704346
shadow,1,101,1e-05,108,756,4.506815160099326e-06,0.45031661274177687,3.3803482055664062
shadow,1,101,1e-05,109,763,4.429600493856694e-06,0.5188947021961212,3.38000750541687
shadow,1,101,1e-05,110,770,4.352538901908967e-06,0.49463506255831036,3.3794124126434326
shadow,1,101,1e-05,111,777,4.275649398050858e-06,0.5361680729048592,3.3786604404449463
shadow,1,101,1e-05,112,784,4.198950953616922e-06,0.5060732790402004,3.3777878284454346
shadow,1,101,1e-05,113,791,4.122462492800663e-06,0.4860640125615256,3.3771488666534424
shadow,1,101,1e-05,114,798,4.046202887985263e-06,0.44086682623518364,3.376610040664673
shadow,1,101,1e-05,115,805,3.970190955087116e-06,0.6276133699076516,3.375786542892456
shadow,1,101,1e-05,116,812,3.894445448913268e-06,0.58050936460495,3.374831438064575
shadow,1,101,1e-05,117,819,3.818985058533969e-06,0.49751768367631094,3.373944044113159
shadow,1,101,1e-05,118,826,3.7438284026714044e-06,0.4664533627884729,3.3732826709747314
shadow,1,101,1e-05,119,833,3.6689940251058153e-06,0.5683556199073792,3.3726303577423096
shadow,1,101,1e-05,120,840,3.594500390100096e-06,0.47765068071229116,3.3716142177581787
shadow,1,101,1e-05,121,847,3.5203658778440116e-06,0.4478656245129449,3.3709559440612793
shadow,1,101,1e-05,122,854,3.4466087799191603e-06,0.46935797163418363,3.370112180709839
shadow,1,101,1e-05,123,861,3.3732472947858077e-06,0.43764302347387585,3.369441032409668
shadow,1,101,1e-05,124,868,3.300299523292678e-06,0.4615072288683483,3.3688864707946777
shadow,1,101,1e-05,125,875,3.227783464210845e-06,0.42514037606971605,3.3684253692626953
shadow,1,101,1e-05,126,882,3.155717009792807e-06,0.42860367255551474,3.367931604385376
shadow,1,101,1e-05,127,889,3.0841179413578354e-06,0.4219459082399096,3.3673131465911865
shadow,1,101,1e-05,128,896,3.0130039249047117e-06,0.4557778090238571,3.366590976715088
shadow,1,101,1e-05,129,903,2.9423925067528904e-06,0.41838028175490244,3.365941047668457
shadow,1,101,1e-05,130,910,2.87230110921322e-06,0.6544943494456155,3.3654260635375977
shadow,1,101,1e-05,131,917,2.8027470262892435e-06,0.4391579349508642,3.3648431301116943
shadow,1,101,1e-05,132,924,2.7337474194101625e-06,0.5410277502877372,3.3643558025360107
shadow,1,101,1e-05,133,931,2.6653193131965085e-06,0.453154125383922,3.36399245262146
shadow,1,101,1e-05,134,938,2.5974795912595824e-06,0.44936533698013853,3.3635642528533936
shadow,1,101,1e-05,135,945,2.530244992035662e-06,0.5413843095302582,3.3629448413848877
shadow,1,101,1e-05,136,952,2.4636321046560533e-06,0.49474278518131803,3.362436056137085
shadow,1,101,1e-05,137,959,2.3976573648539653e-06,0.45644732458250864,3.362139940261841
shadow,1,101,1e-05,138,966,2.332337050909247e-06,0.5318802765437535,3.361826181411743
shadow,1,101,1e-05,139,973,2.267687279631953e-06,0.654583215713501,3.3613533973693848
shadow,1,101,1e-05,140,980,2.2037240023857708e-06,0.6558272455419812,3.361008882522583
shadow,1,101,1e-05,141,987,2.1404630011522584e-06,0.44652099907398224,3.36049747467041
shadow,1,101,1e-05,142,994,2.0779198846368745e-06,0.5915096189294543,3.3600263595581055
shadow,1,101,1e-05,143,1001,2.0161100844177658e-06,0.4581230900117329,3.3595871925354004
shadow,1,101,1e-05,144,1008,1.9550488511382593e-06,0.682612133877618,3.359212636947632
shadow,1,101,1e-05,145,1015,1.894751250743986e-06,0.45334906536196024,3.3586690425872803
shadow,1,101,1e-05,146,1022,1.8352321607655916e-06,0.4352116377225944,3.3582286834716797
shadow,1,101,1e-05,147,1029,1.7765062666479242e-06,0.4318270457110235,3.357851505279541
shadow,1,101,1e-05,148,1036,1.7185880581266217e-06,0.46032686957291197,3.357346773147583
shadow,1,101,1e-05,149,1043,1.6614918256529908e-06,0.4434189519711903,3.3568613529205322
shadow,1,101,1e-05,150,1050,1.6052316568680442e-06,0.4567142810140337,3.356431007385254
shadow,1,101,1e-05,151,1057,1.5498214331265902e-06,0.44066987718854633,3.3561275005340576
shadow,1,101,1e-05,152,1064,1.495274826072216e-06,0.42814320645162035,3.355813980102539
shadow,1,101,1e-05,153,1071,1.441605294264014e-06,0.49353869897978647,3.355591297149658
shadow,1,101,1e-05,154,1078,1.3888260798558817e-06,0.4466536449534552,3.3552989959716797
shadow,1,101,1e-05,155,1085,1.3369502053292252e-06,0.5073873826435634,3.3550171852111816
shadow,1,101,1e-05,156,1092,1.285990470279847e-06,0.4329976468746151,3.3546674251556396
shadow,1,101,1e-05,157,1099,1.2359594482598438e-06,0.4539571814239025,3.354398012161255
shadow,1,101,1e-05,158,1106,1.1868694836752686e-06,0.4421037094933646,3.354210138320923
shadow,1,101,1e-05,159,1113,1.1387326887403326e-06,0.4714987874031067,3.354032039642334
shadow,1,101,1e-05,160,1120,1.0915609404889017e-06,0.683007823569434,3.353851318359375
shadow,1,101,1e-05,161,1127,1.0453658778440107e-06,0.44503699455942425,3.353604555130005
shadow,1,101,1e-05,162,1134,1.0001588987461348e-06,0.4774443805217743,3.353428363800049
shadow,1,101,1e-05,163,1141,9.559511573409195e-07,0.4541768729686737,3.353219509124756
shadow,1,101,1e-05,164,1148,9.127535612270632e-07,0.5420291083199638,3.353065013885498
shadow,1,101,1e-05,165,1155,8.705767687650265e-07,0.4396228633621441,3.3529293537139893
shadow,1,101,1e-05,166,1162,8.294311864472448e-07,0.4721332958766392,3.352783441543579
shadow,1,101,1e-05,167,1169,7.893269663304784e-07,0.4928218935217176,3.3525948524475098
shadow,1,101,1e-05,168,1176,7.50274003530953e-07,0.5059465893677303,3.35241436958313
shadow,1,101,1e-05,169,1183,7.122819337828752e-07,0.509437620639801,3.3522348403930664
shadow,1,101,1e-05,170,1190,6.753601310609673e-07,0.4294853572334562,3.352037191390991
shadow,1,101,1e-05,171,1197,6.395177052675794e-07,0.41352086381188463,3.3519082069396973
shadow,1,101,1e-05,172,1204,6.047634999849531e-07,0.4351516307464668,3.351803779602051
shadow,1,101,1e-05,173,1211,5.711060902932043e-07,0.45295652002096176,3.3517038822174072
shadow,1,101,1e-05,174,1218,5.385537806545469e-07,0.45043033893619266,3.3516104221343994
shadow,1,101,1e-05,175,1225,5.071146028642944e-07,0.5430167700563159,3.351489543914795
shadow,1,101,1e-05,176,1232,4.7679631406913176e-07,0.44440763124397825,3.3513622283935547
shadow,1,101,1e-05,177,1239,4.4760639485315585e-07,0.4210997838526964,3.3512468338012695
shadow,1,101,1e-05,178,1246,4.195520473921565e-07,0.44118342575217995,3.3511626720428467
shadow,1,101,1e-05,179,1253,3.92640193676584e-07,0.41610568361907746,3.3510823249816895
shadow,1,101,1e-05,180,1260,3.668774738036508e-07,0.6534062836851392,3.3510184288024902
shadow,1,101,1e-05,181,1267,3.4227024433899004e-07,0.433880946465901,3.3509373664855957
shadow,1,101,1e-05,182,1274,3.188245767482659e-07,0.5759595675127847,3.3508710861206055
shadow,1,101,1e-05,183,1281,2.9654625589913237e-07,0.47589999437332153,3.3508083820343018
shadow,1,101,1e-05,184,1288,2.754407786339001e-07,0.5015513641493661,3.3507590293884277
shadow,1,101,1e-05,185,1295,2.555133524132767e-07,0.4900427758693695,3.3507039546966553
shadow,1,101,1e-05,186,1302,2.3676889403150103e-07,0.4392911046743393,3.3506436347961426
shadow,1,101,1e-05,187,1309,2.1921202840320077e-07,0.593124257666724,3.350586175918579
shadow,1,101,1e-05,188,1316,2.0284708742225901e-07,0.4669348086629595,3.350558280944824
shadow,1,101,1e-05,189,1323,1.8767810889299085e-07,0.43654648906418253,3.350527048110962
shadow,1,101,1e-05,190,1330,1.7370883553386935e-07,0.7002224837030683,3.3505027294158936
shadow,1,101,1e-05,191,1337,1.609427140540686e-07,0.4298527347190039,3.350477695465088
shadow,1,101,1e-05,192,1344,1.493828943030402e-07,0.43889130731778486,3.3504316806793213
shadow,1,101,1e-05,193,1351,1.3903222849333507e-07,0.4115382023155689,3.3503875732421875
shadow,1,101,1e-05,194,1358,1.2989327049686101e-07,0.4322007607136454,3.350363254547119
shadow,1,101,1e-05,195,1365,1.2196827521475402e-07,0.5296965539455414,3.350341796875
shadow,1,101,1e-05,196,1372,1.1525919802101659e-07,0.5712534657546452,3.350322961807251
shadow,1,101,1e-05,197,1379,1.097676942800558e-07,0.49548929929733276,3.350299835205078
shadow,1,101,1e-05,198,1386,1.0549511893824898e-07,0.4307349483881678,3.3502769470214844
shadow,1,101,1e-05,199,1393,1.0244252618962859e-07,0.4734173927988325,3.3502631187438965
shadow,1,101,1e-05,200,1400,1.006106692157801e-07,0.5400378278323582,3.3502519130706787
shadow,1,101,0.0001,1,7,0.0001,0.5044075820062842,3.472543239593506
shadow,1,101,0.0001,2,14,9.99938933078422e-05,0.5570933648518154,3.463128089904785
shadow,1,101,0.0001,3,21,9.997557473810373e-05,0.5498695799282619,3.4921257495880127
shadow,1,101,0.0001,4,28,9.994504881061753e-05,0.7144041359424591,3.434912919998169
shadow,1,101,0.0001,5,35,9.990232305719945e-05,0.6905968529837472,3.4398720264434814
shadow,1,101,0.0001,6,42,9.984740801978984e-05,0.48982138293130056,3.425543785095215
shadow,1,101,0.0001,7,49,9.978031724785247e-05,0.4637329253767218,3.417520046234131
shadow,1,101,0.0001,8,56,9.97010672950314e-05,0.45842407430921284,3.40908145904541
shadow,1,101,0.0001,9,63,9.960967771506667e-05,0.5245492373194013,3.427208423614502
shadow,1,101,0.0001,10,70,9.95061710569696e-05,0.4499504512974194,3.3945417404174805
shadow,1,101,0.0001,11,77,9.939057285945933e-05,0.5142016368252891,3.430133581161499
shadow,1,101,0.0001,12,84,9.926291164466132e-05,0.5578029581478664,3.3968441486358643
shadow,1,101,0.0001,13,91,9.91232189110701e-05,0.4347071014344692,3.3662703037261963
shadow,1,101,0.0001,14,98,9.897152912577741e-05,0.46395627728530336,3.3383119106292725
shadow,1,101,0.0001,15,105,9.8807879715968e-05,0.4948305147034781,3.3399457931518555
shadow,1,101,0.0001,16,112,9.8632311059685e-05,0.415414855416332,3.3847548961639404
shadow,1,101,0.0001,17,119,9.844486647586725e-05,0.6819091396672385,3.2672624588012695
shadow,1,101,0.0001,18,126,9.824559221366101e-05,0.45050875949008123,3.2449543476104736
shadow,1,101,0.0001,19,133,9.803453744100869e-05,0.4260540359786579,3.7662744522094727
shadow,1,101,0.0001,20,140,9.781175423251735e-05,0.4879498950072697,3.246802806854248
shadow,1,101,0.0001,21,147,9.757729755661011e-05,0.48236657891954693,3.208029270172119
shadow,1,101,0.0001,22,154,9.73312252619635e-05,0.44180770218372345,3.457322359085083
shadow,1,101,0.0001,23,161,9.707359806323417e-05,0.3627408415611301,3.2432286739349365
shadow,1,101,0.0001,24,168,9.680447952607845e-05,0.49221866045679363,3.1628475189208984
shadow,1,101,0.0001,25,175,9.652393605146844e-05,0.43263906240463257,3.5322325229644775
shadow,1,101,0.0001,26,182,9.623203685930869e-05,0.4296956019742148,3.1059963703155518
shadow,1,101,0.0001,27,189,9.592885397135707e-05,0.5665532009942191,3.0663528442382812
shadow,1,101,0.0001,28,196,9.561446219345454e-05,0.4171056236539568,3.389855146408081
shadow,1,101,0.0001,29,203,9.528893909706797e-05,0.40931741680417744,3.157470464706421
shadow,1,101,0.0001,30,210,9.495236500015047e-05,0.561147906950542,3.095285177230835
shadow,1,101,0.0001,31,217,9.460482294732421e-05,0.41952182565416607,3.0227274894714355
shadow,1,101,0.0001,32,224,9.424639868939033e-05,0.5008408512387957,2.9292678833007812
shadow,1,101,0.0001,33,231,9.387718066217124e-05,0.43244332500866484,3.329563617706299
shadow,1,101,0.0001,34,238,9.349725996469047e-05,0.37419265348996433,2.9132466316223145
shadow,1,101,0.0001,35,245,9.310673033669521e-05,0.39157246904713766,3.2198543548583984
shadow,1,101,0.0001,36,252,9.270568813552756e-05,0.4417571340288435,2.878464698791504
shadow,1,101,0.0001,37,259,9.229423231234974e-05,0.4019265111003603,2.9508275985717773
shadow,1,101,0.0001,38,266,9.187246438772939e-05,0.39479813405445646,3.550360679626465
shadow,1,101,0.0001,39,273,9.14404884265908e-05,0.39150872826576233,2.934670925140381
shadow,1,101,0.0001,40,280,9.099841101253866e-05,0.3671249231057508,3.1794896125793457
shadow,1,101,0.0001,41,287,9.05463412215599e-05,0.3969219752720424,3.2220585346221924
shadow,1,101,0.0001,42,294,9.0084390595111e-05,0.3246057535122548,2.911686658859253
shadow,1,101,0.0001,43,301,8.961267311259666e-05,0.3107179509741919,3.0665602684020996
shadow,1,101,0.0001,44,308,8.913130516324733e-05,0.4137574796165739,3.029906749725342
shadow,1,101,0.0001,45,315,8.864040551740158e-05,0.3058012069336006,2.9064900875091553
shadow,1,101,0.0001,46,322,8.814009529720155e-05,0.31139444772686276,3.082199811935425
shadow,1,101,0.0001,47,329,8.763049794670775e-05,0.33583834554467884,3.2389540672302246
shadow,1,101,0.0001,48,336,8.711173920144117e-05,0.3055819532434855,3.3106584548950195
shadow,1,101,0.0001,49,343,8.658394705735987e-05,0.3404244908264705,2.9555165767669678
shadow,1,101,0.0001,50,350,8.604725173927785e-05,0.33203222921916414,2.9508206844329834
shadow,1,101,0.0001,51,357,8.55017856687341e-05,0.3029771681342806,3.2651790380477905
shadow,1,101,0.0001,52,364,8.494768343131955e-05,0.30135461076029707,3.1026382446289062
shadow,1,101,0.0001,53,371,8.438508174347009e-05,0.4351537270205362,3.485152840614319
shadow,1,101,0.0001,54,378,8.381411941873378e-05,0.40526830298560007,3.010503888130188
shadow,1,101,0.0001,55,385,8.323493733352077e-05,0.3619076226438795,3.1076772212982178
shadow,1,101,0.0001,56,392,8.26476783923441e-05,0.35170102970940725,3.4446624517440796
shadow,1,101,0.0001,57,399,8.205248749256015e-05,0.31331699022224974,3.0600481033325195
shadow,1,101,0.0001,58,406,8.144951148861742e-05,0.25938128573553904,3.3007571697235107
shadow,1,101,0.0001,59,413,8.083889915582235e-05,0.2681380451789924,3.050055980682373
shadow,1,101,0.0001,60,420,8.022080115363127e-05,0.3433131490434919,3.4305585622787476
shadow,1,101,0.0001,61,427,7.959536998847744e-05,0.3440064787864685,2.9819929599761963
shadow,1,101,0.0001,62,434,7.89627599761423e-05,0.32521337057862965,3.2874823808670044
shadow,1,101,0.0001,63,441,7.832312720368048e-05,0.2374474870282159,3.1410528421401978
shadow,1,101,0.0001,64,448,7.767662949090753e-05,0.30180261390549795,3.27982497215271
shadow,1,101,0.0001,65,455,7.702342635146033e-05,0.2639552408031055,3.1146143674850464
shadow,1,101,0.0001,66,462,7.636367895343946e-05,0.32582545280456543,3.4564590454101562
shadow,1,101,0.001,1,7,0.001,0.9196160470933786,3.700474262237549
shadow,1,101,0.001,2,14,0.000999938933078422,0.5179410151072911,4.840785980224609
shadow,1,101,0.001,3,21,0.0009997557473810372,0.7227965848786491,3.790332078933716
shadow,1,101,0.001,4,28,0.0009994504881061753,0.7526618923459735,3.44035005569458
shadow,1,101,0.001,5,35,0.0009990232305719944,0.675848935331617,3.3883206844329834
shadow,1,101,0.001,6,42,0.0009984740801978985,0.5931263438292912,3.8123209476470947
shadow,1,101,0.001,7,49,0.0009978031724785245,0.569760011775153,3.684452533721924
shadow,1,101,0.001,8,56,0.000997010672950314,0.5699339636734554,3.528686761856079
shadow,1,101,0.001,9,63,0.0009960967771506667,0.5524397960730961,4.210285425186157
shadow,1,101,0.001,10,70,0.000995061710569696,0.5277943478098938,3.4230308532714844
shadow,1,101,0.001,11,77,0.0009939057285945933,0.4455161262303591,3.4381167888641357
shadow,1,101,0.001,12,84,0.000992629116446613,0.45270940235682894,4.426316261291504
shadow,1,101,0.001,13,91,0.000991232189110701,0.4129288287450826,3.340186834335327
shadow,1,101,0.001,14,98,0.0009897152912577741,0.4445482779826437,3.6753766536712646
shadow,1,101,0.001,15,105,0.00098807879715968,0.45301143186432974,3.7650132179260254
shadow,1,101,0.001,16,112,0.00098632311059685,0.4450836479663849,3.466867208480835
shadow,1,101,0.001,17,119,0.0009844486647586723,0.5622880629130772,3.697664976119995
shadow,1,101,0.001,18,126,0.00098245592213661,0.4911340858255114,4.052452087402344
shadow,1,101,0.001,19,133,0.0009803453744100868,0.4030587928635733,4.631532669067383
shadow,1,101,0.001,20,140,0.0009781175423251734,0.537068750177111,3.277994155883789
shadow,1,101,0.001,21,147,0.0009757729755661011,0.40805702550070627,3.4896304607391357
shadow,1,101,0.001,22,154,0.0009733122526196349,0.36095740034111906,3.060239791870117
shadow,1,101,0.001,23,161,0.0009707359806323416,0.37262580756630215,3.4350064992904663
shadow,1,101,0.001,24,168,0.0009680447952607845,0.33205712693078177,3.5417449474334717
shadow,1,101,0.001,25,175,0.0009652393605146844,0.4454206523119605,3.3467960357666016
shadow,1,101,0.001,26,182,0.000962320368593087,0.37308924006564276,3.1820709705352783
shadow,1,101,0.001,27,189,0.0009592885397135706,0.5507783974920001,3.282362222671509
shadow,1,101,0.001,28,196,0.0009561446219345453,0.357949683708804,4.297203302383423
shadow,1,101,0.001,29,203,0.0009528893909706797,0.3397843837738037,3.7426244020462036
shadow,1,101,0.001,30,210,0.0009495236500015047,0.34613526293209623,3.7038406133651733
shadow,1,101,0.001,31,217,0.0009460482294732421,0.27827149629592896,3.6761752367019653
shadow,1,101,0.001,32,224,0.0009424639868939033,0.25495738562728676,4.277248501777649
shadow,1,101,0.001,33,231,0.0009387718066217125,0.31004344139780315,4.385786294937134
shadow,1,101,0.001,34,238,0.0009349725996469047,0.3447908822979246,3.442141532897949
shadow,1,101,0.001,35,245,0.0009310673033669522,0.33785404903548105,3.102012872695923
shadow,1,101,0.001,36,252,0.0009270568813552756,0.46234159597328733,5.316853642463684
shadow,1,101,0.001,37,259,0.0009229423231234975,0.36870546638965607,3.192399024963379
shadow,1,101,0.001,38,266,0.0009187246438772938,0.4022245279380253,3.7614290714263916
shadow,1,101,0.001,39,273,0.0009144048842659081,0.3586746262652533,3.587387204170227
shadow,1,101,0.001,40,280,0.0009099841101253866,0.4163359957081931,4.041856646537781
shadow,1,101,0.001,41,287,0.000905463412215599,0.4717739863055093,2.7795674800872803
shadow,1,101,0.001,42,294,0.0009008439059511099,0.2110146396714429,3.843291163444519
shadow,1,101,0.001,43,301,0.0008961267311259666,0.18920330530298607,3.471057176589966
shadow,1,101,0.001,44,308,0.0008913130516324732,0.2311770362513406,3.4559987783432007
shadow,1,101,0.001,45,315,0.0008864040551740157,0.2189866988254445,3.1599795818328857
shadow,1,101,0.001,46,322,0.0008814009529720154,0.24820851534605026,3.219316005706787
shadow,1,101,0.001,47,329,0.0008763049794670775,0.20689466422689812,3.539829730987549
shadow,1,101,0.001,48,336,0.0008711173920144117,0.2539999485015869,3.1951063871383667
shadow,1,101,0.001,49,343,0.0008658394705735987,0.21577495070440428,3.424765110015869
shadow,1,101,0.001,50,350,0.0008604725173927785,0.4141495813216482,4.499736785888672
shadow,1,101,0.001,51,357,0.000855017856687341,0.48503522894212175,3.4011282920837402
shadow,1,101,0.001,52,364,0.0008494768343131955,0.38483337312936783,3.4174128770828247
shadow,1,101,0.001,53,371,0.0008438508174347009,0.30565473650182995,4.900193572044373
shadow,1,101,0.001,54,378,0.0008381411941873378,0.43013207401548115,2.9508919715881348
shadow,1,101,0.001,55,385,0.0008323493733352077,0.22924712825832622,3.5967901945114136
shadow,1,101,0.001,56,392,0.000826476783923441,0.25050607323646545,3.7626397609710693
shadow,1,101,0.001,57,399,0.0008205248749256015,0.17330923889364516,3.446807622909546
shadow,1,101,0.001,58,406,0.0008144951148861742,0.173332187214068,3.806215524673462
shadow,1,101,0.001,59,413,0.0008083889915582234,0.1882583573460579,3.5560243129730225
shadow,1,101,0.001,60,420,0.0008022080115363127,0.2388150351388114,3.65275239944458
shadow,1,101,0.001,61,427,0.0007959536998847743,0.24875479297978537,3.3044768571853638
shadow,1,101,0.001,62,434,0.0007896275997614229,0.19332482205936685,3.399703025817871
shadow,1,101,0.001,63,441,0.0007832312720368048,0.1550340157534395,3.749246120452881
shadow,1,101,0.001,64,448,0.0007767662949090753,0.1441486000871269,3.3706079721450806
shadow,1,101,0.001,65,455,0.0007702342635146033,0.11398498434573412,3.3437076807022095
shadow,1,101,0.001,66,462,0.0007636367895343947,0.21047030628791877,4.398187637329102
shadow,1,101,0.001,67,469,0.0007569755007964338,0.2376203148492745,3.034824848175049
shadow,1,101,0.001,68,476,0.0007502520408740418,0.20208204856940679,4.666898131370544
shadow,1,101,0.001,69,483,0.000743468068680349,0.18236708055649484,3.2816139459609985
shadow,1,101,0.001,70,490,0.0007366252580589839,0.13581600038118527,3.5725115537643433
shadow,1,101,0.001,71,497,0.0007297252973710757,0.13402585565511668,3.981299638748169
shadow,1,101,0.01,1,7,0.01,355.72833414588655,5014.8005294799805
shadow,1,101,0.01,2,14,0.00999938933078422,1031.9405691964287,57318.4375
shadow,1,101,0.01,3,21,0.009997557473810372,8792.386439732143,19601.94451904297
shadow,1,101,0.01,4,28,0.009994504881061753,2250.464041573661,22172.84503173828
shadow,1,101,0.01,5,35,0.009990232305719944,3442.3432268415177,20424.40106201172
shadow,1,101,0.01,6,42,0.009984740801978984,2249.447795322963,3842.155029296875
shadow,1,101,0.01,7,49,0.009978031724785246,820.8337140764509,3349.934555053711
shadow,1,101,0.01,8,56,0.00997010672950314,326.08441380092074,753.1587944030762
shadow,1,101,0.01,9,63,0.009960967771506667,287.4988795689174,5224.653213500977
shadow,1,101,0.01,10,70,0.00995061710569696,346.6589617047991,1899.513599395752
shadow,1,101,0.01,11,77,0.009939057285945933,159.82769557407923,284.02168560028076
shadow,1,101,0.01,12,84,0.00992629116446613,207.55285971505302,397.0144748687744
shadow,1,101,0.01,13,91,0.00991232189110701,23.57897212249892,3.503507137298584
shadow,1,101,0.01,14,98,0.00989715291257774,43.44429899113519,469.6080141067505
shadow,1,101,0.01,15,105,0.0098807879715968,15.478210334266935,3.4963150024414062
shadow,1,101,0.01,16,112,0.0098632311059685,0.6605162152222225,3.484375
shadow,1,101,0.01,17,119,0.009844486647586723,0.9147523982184274,3.484375
shadow,1,101,0.01,18,126,0.0098245592213661,0.48086439818143845,3.484375
shadow,1,101,0.01,19,133,0.009803453744100868,0.4905316914830889,3.484375
shadow,1,101,0.01,20,140,0.009781175423251734,0.4741078452872379,3.484375
shadow,1,101,0.01,21,147,0.009757729755661011,0.5005668784890857,3.484375
shadow,1,101,0.01,22,154,0.009733122526196349,0.5514411543096814,3.484375
shadow,1,101,0.01,23,161,0.009707359806323416,0.5928879720824105,3.484375
shadow,1,101,0.01,24,168,0.009680447952607845,0.531171441078186,3.484375
shadow,1,101,0.01,25,175,0.009652393605146845,0.4747942457241671,3.484375
shadow,1,101,0.01,26,182,0.00962320368593087,0.5850356136049543,3.484375
shadow,1,101,0.01,27,189,0.009592885397135707,0.6119389661720821,3.484375
shadow,1,101,0.01,28,196,0.009561446219345454,0.4773757808974811,3.4883594512939453
shadow,1,101,0.01,29,203,0.009528893909706798,0.48503455838986803,3.4912314414978027
shadow,1,101,0.01,30,210,0.009495236500015047,0.6093515370573316,3.4932031631469727
shadow,1,101,0.01,31,217,0.00946048229473242,0.47648801814232555,3.495448589324951
shadow,1,101,0.01,32,224,0.009424639868939034,0.5037695552621569,3.494175910949707
shadow,1,101,0.01,33,231,0.009387718066217124,0.5542747506073543,3.486905574798584
shadow,1,101,0.01,34,238,0.009349725996469048,0.4867755515234811,3.4854674339294434
shadow,1,101,0.01,35,245,0.00931067303366952,0.512198942048209,3.484375
shadow,1,101,0.01,36,252,0.009270568813552756,0.713946989604405,3.484375
shadow,1,101,0.01,37,259,0.009229423231234974,0.5823890311377389,3.486156463623047
shadow,1,101,0.01,38,266,0.009187246438772938,0.7029708964484078,3.4902353286743164
shadow,1,101,0.01,39,273,0.009144048842659082,0.5555981014456067,3.4851584434509277
shadow,1,101,0.01,40,280,0.009099841101253866,0.48437364186559406,3.484375
shadow,1,101,0.01,41,287,0.00905463412215599,0.6915786010878426,3.484375
shadow,1,101,0.01,42,294,0.0090084390595111,0.4730600531079939,3.484375
shadow,1,101,0.01,43,301,0.008961267311259666,0.47559424117207527,3.484375
shadow,1,101,0.01,44,308,0.008913130516324731,0.4873059849653925,3.484375
shadow,1,101,0.01,45,315,0.008864040551740157,0.47321157796042307,3.484375
shadow,1,101,0.01,46,322,0.008814009529720154,0.5405997250761304,3.484375
shadow,2,101,1e-05,1,7,1e-05,0.5169699000460761,3.5027856826782227
shadow,2,101,1e-05,2,14,9.99938933078422e-06,0.5101812322224889,3.516904354095459
shadow,2,101,1e-05,3,21,9.997557473810373e-06,0.5317256833825793,3.5305094718933105
shadow,2,101,1e-05,4,28,9.994504881061752e-06,0.5898334085941315,3.5245847702026367
shadow,2,101,1e-05,5,35,9.990232305719944e-06,0.4856557594612241,3.514785051345825
shadow,2,101,1e-05,6,42,9.984740801978984e-06,0.5630560006414141,3.5131025314331055
shadow,2,101,1e-05,7,49,9.978031724785247e-06,0.5095327815839222,3.5048420429229736
shadow,2,101,1e-05,8,56,9.97010672950314e-06,0.5105357446840831,3.500871419906616
shadow,2,101,1e-05,9,63,9.960967771506666e-06,0.5476944148540497,3.4930012226104736
shadow,2,101,1e-05,10,70,9.950617105696961e-06,0.5440123400517872,3.495941638946533
shadow,2,101,1e-05,11,77,9.939057285945933e-06,0.5572637468576431,3.4955708980560303
shadow,2,101,1e-05,12,84,9.926291164466131e-06,0.5760935417243412,3.493814706802368
shadow,2,101,1e-05,13,91,9.91232189110701e-06,0.5371389601911817,3.4952292442321777
shadow,2,101,1e-05,14,98,9.897152912577742e-06,0.574821412563324,3.499786376953125
shadow,2,101,1e-05,15,105,9.8807879715968e-06,0.556388761316027,3.5056233406066895
shadow,2,101,1e-05,16,112,9.8632311059685e-06,0.538969989333834,3.502450942993164
shadow,2,101,1e-05,17,119,9.844486647586724e-06,0.5972064052309308,3.491929292678833
shadow,2,101,1e-05,18,126,9.824559221366101e-06,0.5810614739145551,3.4761998653411865
shadow,2,101,1e-05,19,133,9.803453744100868e-06,0.5432976995195661,3.4750704765319824
shadow,2,101,1e-05,20,140,9.781175423251734e-06,0.5136986992188862,3.473184585571289
shadow,2,101,1e-05,21,147,9.757729755661012e-06,0.5024811891572816,3.473029136657715
shadow,2,101,1e-05,22,154,9.73312252619635e-06,0.5544305145740509,3.4730982780456543
shadow,2,101,1e-05,23,161,9.707359806323418e-06,0.536741988999503,3.4662277698516846
shadow,2,101,1e-05,24,168,9.680447952607845e-06,0.5156681537628174,3.4634323120117188
shadow,2,101,1e-05,25,175,9.652393605146845e-06,0.5154034495353699,3.4675426483154297
shadow,2,101,1e-05,26,182,9.62320368593087e-06,0.5117465555667877,3.466679573059082
shadow,2,101,1e-05,27,189,9.592885397135707e-06,0.6482747026852199,3.470609188079834
shadow,2,101,1e-05,28,196,9.561446219345455e-06,0.4916339559214456,3.476618528366089
shadow,2,101,1e-05,29,203,9.528893909706798e-06,0.6348956610475268,3.467503070831299
shadow,2,101,1e-05,30,210,9.495236500015048e-06,0.5553663671016693,3.4656589031219482
shadow,2,101,1e-05,31,217,9.460482294732422e-06,0.6191389816147941,3.459531545639038
shadow,2,101,1e-05,32,224,9.424639868939035e-06,0.5468277292592185,3.454477310180664
shadow,2,101,1e-05,33,231,9.387718066217125e-06,0.5142795145511627,3.4504199028015137
shadow,2,101,1e-05,34,238,9.349725996469047e-06,0.6637390341077533,3.4469997882843018
shadow,2,101,1e-05,35,245,9.310673033669522e-06,0.5284611667905535,3.449404001235962
shadow,2,101,1e-05,36,252,9.270568813552757e-06,0.5060562597853797,3.457211971282959
shadow,2,101,1e-05,37,259,9.229423231234975e-06,0.5113825925758907,3.4541141986846924
shadow,2,101,1e-05,38,266,9.18724643877294e-06,0.4785554845418249,3.458632230758667
shadow,2,101,1e-05,39,273,9.144048842659081e-06,0.527165664093835,3.4605677127838135
shadow,2,101,1e-05,40,280,9.099841101253867e-06,0.5268949951444354,3.4448697566986084
shadow,2,101,1e-05,41,287,9.054634122155991e-06,0.5376841127872467,3.4286720752716064
shadow,2,101,1e-05,42,294,9.0084390595111e-06,0.6854684012276786,3.4176454544067383
shadow,2,101,1e-05,43,301,8.961267311259668e-06,0.64749675989151,3.430901050567627
shadow,2,101,1e-05,44,308,8.913130516324733e-06,0.5381589659622737,3.459246873855591
shadow,2,101,1e-05,45,315,8.864040551740158e-06,0.516287237405777,3.479915142059326
shadow,2,101,1e-05,46,322,8.814009529720155e-06,0.4722496337656464,3.4833226203918457
shadow,2,101,1e-05,47,329,8.763049794670776e-06,0.5466164903981345,3.470600128173828
shadow,2,101,1e-05,48,336,8.711173920144118e-06,0.6131339882101331,3.4580814838409424
shadow,2,101,1e-05,49,343,8.658394705735988e-06,0.5401065945625305,3.447815418243408
shadow,2,101,1e-05,50,350,8.604725173927786e-06,0.5136895648070744,3.4340219497680664
shadow,2,101,1e-05,51,357,8.550178566873412e-06,0.6498911934239524,3.4326274394989014
shadow,2,101,1e-05,52,364,8.494768343131955e-06,0.5841452011040279,3.4314887523651123
shadow,2,101,1e-05,53,371,8.43850817434701e-06,0.5039030015468597,3.444340705871582
shadow,2,101,1e-05,54,378,8.381411941873379e-06,0.6996096968650818,3.439791679382324
shadow,2,101,1e-05,55,385,8.323493733352078e-06,0.4774850628205708,3.4354677200317383
shadow,2,101,1e-05,56,392,8.26476783923441e-06,0.5674276011330741,3.4173424243927
shadow,2,101,1e-05,57,399,8.205248749256014e-06,0.5147223174571991,3.409306049346924
shadow,2,101,1e-05,58,406,8.144951148861743e-06,0.48654765103544506,3.4064815044403076
shadow,2,101,1e-05,59,413,8.083889915582235e-06,0.6336101549012321,3.4161057472229004
shadow,2,101,1e-05,60,420,8.022080115363127e-06,0.579411723784038,3.419048547744751
shadow,2,101,1e-05,61,427,7.959536998847744e-06,0.5990918108395168,3.415376901626587
shadow,2,101,1e-05,62,434,7.89627599761423e-06,0.46754883229732513,3.4242429733276367
shadow,2,101,1e-05,63,441,7.832312720368048e-06,0.492938084261758,3.425677537918091
shadow,2,101,1e-05,64,448,7.767662949090754e-06,0.4850769213267735,3.4182193279266357
shadow,2,101,1e-05,65,455,7.702342635146033e-06,0.5194293345723834,3.401202440261841
shadow,2,101,1e-05,66,462,7.636367895343947e-06,0.47158416573490414,3.404238224029541
shadow,2,101,1e-05,67,469,7.5697550079643376e-06,0.48546211421489716,3.400482654571533
shadow,2,101,1e-05,68,476,7.502520408740418e-06,0.5246700091021401,3.3885529041290283
shadow,2,101,1e-05,69,483,7.43468068680349e-06,0.5375470476491111,3.381913661956787
shadow,2,101,1e-05,70,490,7.366252580589839e-06,0.48746989241668154,3.389387369155884
shadow,2,101,1e-05,71,497,7.297252973710756e-06,0.45690219051071573,3.392247438430786
shadow,2,101,1e-05,72,504,7.227698890786779e-06,0.5572374633380345,3.3889849185943604
shadow,2,101,1e-05,73,511,7.15760749324711e-06,0.46791926877839224,3.407463788986206
shadow,2,101,1e-05,74,518,7.086996075095289e-06,0.6063900760241917,3.418276786804199
shadow,2,101,1e-05,75,525,7.015882058642164e-06,0.5466663326535907,3.3941333293914795
shadow,2,101,1e-05,76,532,6.9442829902071945e-06,0.5351746593202863,3.3829617500305176
shadow,2,101,1e-05,77,539,6.8722165357891564e-06,0.4924974867275783,3.378209352493286
shadow,2,101,1e-05,78,546,6.799700476707323e-06,0.6079677641391754,3.3829715251922607
shadow,2,101,1e-05,79,553,6.726752705214193e-06,0.5914855301380157,3.3882710933685303
shadow,2,101,1e-05,80,560,6.65339122008084e-06,0.5173032198633466,3.394463539123535
shadow,2,101,1e-05,81,567,6.57963412215599e-06,0.4909867899758475,3.3864920139312744
shadow,2,101,1e-05,82,574,6.505499609899905e-06,0.7101162118571145,3.3787240982055664
shadow,2,101,1e-05,83,581,6.431005974894185e-06,0.5585579829556602,3.368788480758667
shadow,2,101,1e-05,84,588,6.356171597328595e-06,0.48811330114092144,3.3724281787872314
shadow,2,101,1e-05,85,595,6.28101494146603e-06,0.5583223870822361,3.390068292617798
shadow,2,101,1e-05,86,602,6.205554551086732e-06,0.4695487788745335,3.3817028999328613
shadow,2,101,1e-05,87,609,6.129809044912887e-06,0.4706062078475952,3.385068416595459
shadow,2,101,1e-05,88,616,6.053797112014738e-06,0.5617353234972272,3.386105537414551
shadow,2,101,1e-05,89,623,5.977537507199338e-06,0.4870392509869167,3.371269464492798
shadow,2,101,1e-05,90,630,5.901049046383077e-06,0.5191701054573059,3.3781893253326416
shadow,2,101,1e-05,91,637,5.824350601949143e-06,0.5091849480356488,3.3859498500823975
shadow,2,101,1e-05,92,644,5.7474610980910354e-06,0.5701171287468502,3.364903688430786
shadow,2,101,1e-05,93,651,5.6703995061433075e-06,0.49202614171164377,3.3673105239868164
shadow,2,101,1e-05,94,658,5.5931848399006745e-06,0.5302033637251172,3.368893623352051
shadow,2,101,1e-05,95,665,5.515836150926646e-06,0.48358598351478577,3.3735430240631104
shadow,2,101,1e-05,96,672,5.438372523852833e-06,0.5814900909151349,3.3674943447113037
shadow,2,101,1e-05,97,679,5.360813071670101e-06,0.4726221518857138,3.3710200786590576
shadow,2,101,1e-05,98,686,5.283176931012731e-06,0.5902628281286785,3.3687021732330322
shadow,2,101,1e-05,99,693,5.205483257436735e-06,0.5376057582242149,3.364245653152466
shadow,2,101,1e-05,100,700,5.127751220693512e-06,0.5254662505217961,3.3517937660217285
shadow,2,101,1e-05,101,707,5.05e-06,0.5542387877191816,3.339726209640503
shadow,2,101,1e-05,102,714,4.972248779306488e-06,0.4949154555797577,3.3441596031188965
shadow,2,101,1e-05,103,721,4.8945167425632645e-06,0.5959490963390895,3.3449788093566895
shadow,2,101,1e-05,104,728,4.816823068987269e-06,0.5178593439715249,3.355703115463257
shadow,2,101,1e-05,105,735,4.7391869283298985e-06,0.5228277146816254,3.362900733947754
shadow,2,101,1e-05,106,742,4.661627476147168e-06,0.5879633213792529,3.363070487976074
shadow,2,101,1e-05,107,749,4.584163849073354e-06,0.6270583357129779,3.352841854095459
shadow,2,101,1e-05,108,756,4.506815160099326e-06,0.44988451259476797,3.3488261699676514
shadow,2,101,1e-05,109,763,4.429600493856694e-06,0.5155553221702576,3.3386070728302
shadow,2,101,1e-05,110,770,4.352538901908967e-06,0.45336651695626123,3.345719337463379
shadow,2,101,1e-05,111,777,4.275649398050858e-06,0.4612832042787756,3.3572371006011963
shadow,2,101,1e-05,112,784,4.198950953616922e-06,0.46503027422087534,3.354520082473755
shadow,2,101,1e-05,113,791,4.122462492800663e-06,0.49972190601485117,3.346492290496826
shadow,2,101,1e-05,114,798,4.046202887985263e-06,0.5369743662221091,3.3457846641540527
shadow,2,101,1e-05,115,805,3.970190955087116e-06,0.47181174584797453,3.3422725200653076
shadow,2,101,1e-05,116,812,3.894445448913268e-06,0.5481347995144981,3.341233253479004
shadow,2,101,1e-05,117,819,3.818985058533969e-06,0.45939454649175915,3.3401029109954834
shadow,2,101,1e-05,118,826,3.7438284026714044e-06,0.480144875390189,3.3482391834259033
shadow,2,101,1e-05,119,833,3.6689940251058153e-06,0.5307941607066563,3.354968547821045
shadow,2,101,1e-05,120,840,3.594500390100096e-06,0.4697768198592322,3.365605115890503
shadow,2,101,1e-05,121,847,3.5203658778440116e-06,0.4469188962663923,3.3610000610351562
shadow,2,101,1e-05,122,854,3.4466087799191603e-06,0.46122228673526217,3.3552587032318115
shadow,2,101,1e-05,123,861,3.3732472947858077e-06,0.4210454771029098,3.3602561950683594
shadow,2,101,1e-05,124,868,3.300299523292678e-06,0.5161648988723755,3.359612464904785
shadow,2,101,1e-05,125,875,3.227783464210845e-06,0.536350450345448,3.356964111328125
shadow,2,101,1e-05,126,882,3.155717009792807e-06,0.45452776764120373,3.349719524383545
shadow,2,101,1e-05,127,889,3.0841179413578354e-06,0.5246025196143559,3.350249767303467
shadow,2,101,1e-05,128,896,3.0130039249047117e-06,0.4725619469370161,3.348886251449585
shadow,2,101,1e-05,129,903,2.9423925067528904e-06,0.6666256274495806,3.349698781967163
shadow,2,101,1e-05,130,910,2.87230110921322e-06,0.45654529333114624,3.349327802658081
shadow,2,101,1e-05,131,917,2.8027470262892435e-06,0.4199760907462665,3.354206085205078
shadow,2,101,1e-05,132,924,2.7337474194101625e-06,0.47345442857061115,3.34898042678833
shadow,2,101,1e-05,133,931,2.6653193131965085e-06,0.4928531561579023,3.343932867050171
shadow,2,101,1e-05,134,938,2.5974795912595824e-06,0.47912360089165823,3.344327926635742
shadow,2,101,1e-05,135,945,2.530244992035662e-06,0.5603520785059247,3.3367578983306885
shadow,2,101,1e-05,136,952,2.4636321046560533e-06,0.4986834611211504,3.3362388610839844
shadow,2,101,1e-05,137,959,2.3976573648539653e-06,0.4934153471674238,3.3329925537109375
shadow,2,101,1e-05,138,966,2.332337050909247e-06,0.6687538836683545,3.328078269958496
shadow,2,101,1e-05,139,973,2.267687279631953e-06,0.44602431250470026,3.3334312438964844
shadow,2,101,1e-05,140,980,2.2037240023857708e-06,0.5337475495679038,3.342714309692383
shadow,2,101,1e-05,141,987,2.1404630011522584e-06,0.48253336548805237,3.341182231903076
shadow,2,101,1e-05,142,994,2.0779198846368745e-06,0.4813506688390459,3.337644338607788
shadow,2,101,1e-05,143,1001,2.0161100844177658e-06,0.5324820748397282,3.3373935222625732
shadow,2,101,1e-05,144,1008,1.9550488511382593e-06,0.5069605495248523,3.333737373352051
shadow,2,101,1e-05,145,1015,1.894751250743986e-06,0.4844548659665244,3.336907148361206
shadow,2,101,1e-05,146,1022,1.8352321607655916e-06,0.5309260189533234,3.3383893966674805
shadow,2,101,1e-05,147,1029,1.7765062666479242e-06,0.4753288584096091,3.339656352996826
shadow,2,101,1e-05,148,1036,1.7185880581266217e-06,0.43959744913237436,3.3407175540924072
shadow,2,101,1e-05,149,1043,1.6614918256529908e-06,0.5462945486818042,3.3346810340881348
shadow,2,101,1e-05,150,1050,1.6052316568680442e-06,0.4499199794871466,3.3285768032073975
shadow,2,101,1e-05,151,1057,1.5498214331265902e-06,0.442761521254267,3.3225390911102295
shadow,2,101,1e-05,152,1064,1.495274826072216e-06,0.4774884411266872,3.3212714195251465
shadow,2,101,1e-05,153,1071,1.441605294264014e-06,0.46728651012693134,3.321659564971924
shadow,2,101,1e-05,154,1078,1.3888260798558817e-06,0.49096439140183584,3.3186612129211426
shadow,2,101,1e-05,155,1085,1.3369502053292252e-06,0.508438378572464,3.3147237300872803
shadow,2,101,1e-05,156,1092,1.285990470279847e-06,0.45226081780024935,3.312217950820923
shadow,2,101,1e-05,157,1099,1.2359594482598438e-06,0.5215471770082202,3.310025930404663
shadow,2,101,1e-05,158,1106,1.1868694836752686e-06,0.6087711921760014,3.3071811199188232
shadow,2,101,1e-05,159,1113,1.1387326887403326e-06,0.5315568574837276,3.3045594692230225
shadow,2,101,1e-05,160,1120,1.0915609404889017e-06,0.4709663987159729,3.3052477836608887
shadow,2,101,1e-05,161,1127,1.0453658778440107e-06,0.4445169743682657,3.3057708740234375
shadow,2,101,1e-05,162,1134,1.0001588987461348e-06,0.4780202295098986,3.3053581714630127
shadow,2,101,1e-05,163,1141,9.559511573409195e-07,0.5115612660135541,3.303706407546997
shadow,2,101,1e-05,164,1148,9.127535612270632e-07,0.4970044770411083,3.303834915161133
shadow,2,101,1e-05,165,1155,8.705767687650265e-07,0.4809483843190329,3.303750514984131
shadow,2,101,1e-05,166,1162,8.294311864472448e-07,0.4586144643170493,3.303955554962158
shadow,2,101,1e-05,167,1169,7.893269663304784e-07,0.47011347327913555,3.304797649383545
shadow,2,101,1e-05,168,1176,7.50274003530953e-07,0.5130462305886405,3.302521228790283
shadow,2,101,1e-05,169,1183,7.122819337828752e-07,0.6463183888367244,3.3015103340148926
shadow,2,101,1e-05,170,1190,6.753601310609673e-07,0.4249405318072864,3.3000757694244385
shadow,2,101,1e-05,171,1197,6.395177052675794e-07,0.43119259072201593,3.3001060485839844
shadow,2,101,1e-05,172,1204,6.047634999849531e-07,0.46458855271339417,3.298793315887451
shadow,2,101,1e-05,173,1211,5.711060902932043e-07,0.551510385104588,3.297473430633545
shadow,2,101,1e-05,174,1218,5.385537806545469e-07,0.47541835478373934,3.295626401901245
shadow,2,101,1e-05,175,1225,5.071146028642944e-07,0.47257991773741587,3.2957520484924316
shadow,2,101,1e-05,176,1232,4.7679631406913176e-07,0.5136648799691882,3.296755790710449
shadow,2,101,1e-05,177,1239,4.4760639485315585e-07,0.4466442795736449,3.2968499660491943
shadow,2,101,1e-05,178,1246,4.195520473921565e-07,0.45674936047622133,3.297372817993164
shadow,2,101,1e-05,179,1253,3.92640193676584e-07,0.48461667128971647,3.2971303462982178
shadow,2,101,1e-05,180,1260,3.668774738036508e-07,0.5050179617745536,3.297191619873047
shadow,2,101,1e-05,181,1267,3.4227024433899004e-07,0.5354177909237998,3.297767162322998
shadow,2,101,1e-05,182,1274,3.188245767482659e-07,0.44553848249571665,3.298649311065674
shadow,2,101,1e-05,183,1281,2.9654625589913237e-07,0.44777995347976685,3.299257755279541
shadow,2,101,1e-05,184,1288,2.754407786339001e-07,0.4953985810279846,3.2992160320281982
shadow,2,101,1e-05,185,1295,2.555133524132767e-07,0.43709967604705263,3.2990379333496094
shadow,2,101,1e-05,186,1302,2.3676889403150103e-07,0.48547257270131794,3.298689126968384
shadow,2,101,1e-05,187,1309,2.1921202840320077e-07,0.47073447917188915,3.298710584640503
shadow,2,101,1e-05,188,1316,2.0284708742225901e-07,0.4419304350657122,3.298316717147827
shadow,2,101,1e-05,189,1323,1.8767810889299085e-07,0.449396265404565,3.29842209815979
shadow,2,101,1e-05,190,1330,1.7370883553386935e-07,0.4275165668555668,3.2982850074768066
shadow,2,101,1e-05,191,1337,1.609427140540686e-07,0.45335589562143597,3.2986650466918945
shadow,2,101,1e-05,192,1344,1.493828943030402e-07,0.4362619093486241,3.2987098693847656
shadow,2,101,1e-05,193,1351,1.3903222849333507e-07,0.4482343611972673,3.2985827922821045
shadow,2,101,1e-05,194,1358,1.2989327049686101e-07,0.5428270122834614,3.2983860969543457
shadow,2,101,1e-05,195,1365,1.2196827521475402e-07,0.4895276001521519,3.2980597019195557
shadow,2,101,1e-05,196,1372,1.1525919802101659e-07,0.5252016271863665,3.2978944778442383
shadow,2,101,1e-05,197,1379,1.097676942800558e-07,0.4377355288181986,3.2978897094726562
shadow,2,101,1e-05,198,1386,1.0549511893824898e-07,0.6618886185543877,3.298168420791626
shadow,2,101,1e-05,199,1393,1.0244252618962859e-07,0.4644996715443475,3.2981255054473877
shadow,2,101,1e-05,200,1400,1.006106692157801e-07,0.4592277045760836,3.2984330654144287
shadow,2,101,0.0001,1,7,0.0001,0.5144494644233158,3.834151029586792
shadow,2,101,0.0001,2,14,9.99938933078422e-05,0.5616813557488578,3.5669829845428467
shadow,2,101,0.0001,3,21,9.997557473810373e-05,0.5135513671806881,3.5053577423095703
shadow,2,101,0.0001,4,28,9.994504881061753e-05,0.5823430163519723,3.48327898979187
shadow,2,101,0.0001,5,35,9.990232305719945e-05,0.4883016991828169,3.578122854232788
shadow,2,101,0.0001,6,42,9.984740801978984e-05,0.5675057172775269,3.435300350189209
shadow,2,101,0.0001,7,49,9.978031724785247e-05,0.5026616965021405,3.380079746246338
shadow,2,101,0.0001,8,56,9.97010672950314e-05,0.5016701093741825,3.425903797149658
shadow,2,101,0.0001,9,63,9.960967771506667e-05,0.5389160769326347,3.352245569229126
shadow,2,101,0.0001,10,70,9.95061710569696e-05,0.5392518809863499,3.4500038623809814
shadow,2,101,0.0001,11,77,9.939057285945933e-05,0.5231310895511082,3.3304460048675537
shadow,2,101,0.0001,12,84,9.926291164466132e-05,0.4790919380528586,3.330932378768921
shadow,2,101,0.0001,13,91,9.91232189110701e-05,0.4991590210369655,3.4776811599731445
shadow,2,101,0.0001,14,98,9.897152912577741e-05,0.473970251423972,3.4267263412475586
shadow,2,101,0.0001,15,105,9.8807879715968e-05,0.5301787768091474,3.2767508029937744
shadow,2,101,0.0001,16,112,9.8632311059685e-05,0.4426012315920421,3.3087127208709717
shadow,2,101,0.0001,17,119,9.844486647586725e-05,0.5497738761561257,3.3146932125091553
shadow,2,101,0.0001,18,126,9.824559221366101e-05,0.49756945031029837,3.201207160949707
shadow,2,101,0.0001,19,133,9.803453744100869e-05,0.4272547460028103,3.240950107574463
shadow,2,101,0.0001,20,140,9.781175423251735e-05,0.4159616636378424,3.2545807361602783
shadow,2,101,0.0001,21,147,9.757729755661011e-05,0.44311946843351635,3.3230667114257812
shadow,2,101,0.0001,22,154,9.73312252619635e-05,0.40128374312605175,3.199763774871826
shadow,2,101,0.0001,23,161,9.707359806323417e-05,0.4949741704123361,3.1968650817871094
shadow,2,101,0.0001,24,168,9.680447952607845e-05,0.46308498297418865,3.3981411457061768
shadow,2,101,0.0001,25,175,9.652393605146844e-05,0.46801034467560904,3.2503976821899414
shadow,2,101,0.0001,26,182,9.623203685930869e-05,0.4671855441161564,3.1695125102996826
shadow,2,101,0.0001,27,189,9.592885397135707e-05,0.4726463236979076,3.3308889865875244
shadow,2,101,0.0001,28,196,9.561446219345454e-05,0.4041196363312857,3.183043956756592
shadow,2,101,0.0001,29,203,9.528893909706797e-05,0.49513246757643564,3.1761879920959473
shadow,2,101,0.0001,30,210,9.495236500015047e-05,0.4249567304338728,3.226235866546631
shadow,2,101,0.0001,31,217,9.460482294732421e-05,0.4376236838953836,3.106719493865967
shadow,2,101,0.0001,32,224,9.424639868939033e-05,0.38040365278720856,3.137699604034424
shadow,2,101,0.0001,33,231,9.387718066217124e-05,0.37450199467795237,3.0798704624176025
shadow,2,101,0.0001,34,238,9.349725996469047e-05,0.49573189445904325,3.2208995819091797
shadow,2,101,0.0001,35,245,9.310673033669521e-05,0.4182139677660806,3.145758867263794
shadow,2,101,0.0001,36,252,9.270568813552756e-05,0.3738426236169679,3.112752914428711
shadow,2,101,0.0001,37,259,9.229423231234974e-05,0.3680890755993979,3.3291783332824707
shadow,2,101,0.0001,38,266,9.187246438772939e-05,0.40409335494041443,3.177521228790283
shadow,2,101,0.0001,39,273,9.14404884265908e-05,0.3649655798716204,3.0954689979553223
shadow,2,101,0.0001,40,280,9.099841101253866e-05,0.42697772809437345,3.169334650039673
shadow,2,101,0.0001,41,287,9.05463412215599e-05,0.326511059488569,3.0509679317474365
shadow,2,101,0.0001,42,294,9.0084390595111e-05,0.4359786595617022,3.1164186000823975
shadow,2,101,0.0001,43,301,8.961267311259666e-05,0.39581478919301716,3.1472325325012207
shadow,2,101,0.0001,44,308,8.913130516324733e-05,0.4349499685423715,3.0138440132141113
shadow,2,101,0.0001,45,315,8.864040551740158e-05,0.35764211629118237,3.144144296646118
shadow,2,101,0.0001,46,322,8.814009529720155e-05,0.31527732419116156,3.1420679092407227
shadow,2,101,0.0001,47,329,8.763049794670775e-05,0.3610432041542871,3.2260849475860596
shadow,2,101,0.0001,48,336,8.711173920144117e-05,0.49741966809545246,3.047243595123291
shadow,2,101,0.0001,49,343,8.658394705735987e-05,0.3559581807681492,3.0345709323883057
shadow,2,101,0.0001,50,350,8.604725173927785e-05,0.30125039124063085,2.9821245670318604
shadow,2,101,0.0001,51,357,8.55017856687341e-05,0.4267342048031943,2.959416389465332
shadow,2,101,0.0001,52,364,8.494768343131955e-05,0.4058158482824053,2.927109956741333
shadow,2,101,0.0001,53,371,8.438508174347009e-05,0.33086085319519043,3.0136064291000366
shadow,2,101,0.0001,54,378,8.381411941873378e-05,0.4127831757068634,2.994748592376709
shadow,2,101,0.0001,55,385,8.323493733352077e-05,0.27094551189137356,2.9531209468841553
shadow,2,101,0.0001,56,392,8.26476783923441e-05,0.3013913035392761,3.014373540878296
shadow,2,101,0.0001,57,399,8.205248749256015e-05,0.32784239096300943,2.991032600402832
shadow,2,101,0.0001,58,406,8.144951148861742e-05,0.30587430936949594,2.9625420570373535
shadow,2,101,0.0001,59,413,8.083889915582235e-05,0.38202473521232605,2.922546625137329
shadow,2,101,0.0001,60,420,8.022080115363127e-05,0.3158157489129475,2.9234230518341064
shadow,2,101,0.0001,61,427,7.959536998847744e-05,0.2779696115425655,2.9415204524993896
shadow,2,101,0.0001,62,434,7.89627599761423e-05,0.31042494092668804,3.0616941452026367
shadow,2,101,0.0001,63,441,7.832312720368048e-05,0.3001125061086246,2.9970673322677612
shadow,2,101,0.0001,64,448,7.767662949090753e-05,0.33029583947999136,3.282723903656006
shadow,2,101,0.0001,65,455,7.702342635146033e-05,0.3571178785392216,2.9222562313079834
shadow,2,101,0.0001,66,462,7.636367895343946e-05,0.31935429998806547,2.9229493141174316
shadow,2,101,0.0001,67,469,7.569755007964338e-05,0.26474660422120777,2.935152292251587
shadow,2,101,0.0001,68,476,7.502520408740418e-05,0.28796872070857454,3.0706722736358643
shadow,2,101,0.0001,69,483,7.43468068680349e-05,0.2649134120770863,3.01929771900177
shadow,2,101,0.0001,70,490,7.366252580589839e-05,0.3271021034036364,3.1825714111328125
shadow,2,101,0.0001,71,497,7.297252973710757e-05,0.27214780875614714,3.113564372062683
shadow,2,101,0.0001,72,504,7.22769889078678e-05,0.30736512158598217,3.1911087036132812
shadow,2,101,0.0001,73,511,7.15760749324711e-05,0.24897293586816108,3.007399559020996
shadow,2,101,0.0001,74,518,7.086996075095289e-05,0.27511116010802134,3.043218493461609
shadow,2,101,0.0001,75,525,7.015882058642164e-05,0.2688129384602819,3.187924385070801
shadow,2,101,0.0001,76,532,6.944282990207195e-05,0.23512469232082367,3.0426125526428223
shadow,2,101,0.0001,77,539,6.872216535789157e-05,0.2672910200698035,2.9734253883361816
shadow,2,101,0.0001,78,546,6.799700476707323e-05,0.3605205565690994,2.9617185592651367
shadow,2,101,0.0001,79,553,6.726752705214194e-05,0.28209887019225527,3.00111985206604
shadow,2,101,0.0001,80,560,6.65339122008084e-05,0.25183251074382235,2.930713176727295
shadow,2,101,0.0001,81,567,6.57963412215599e-05,0.2709514392273767,2.9304826259613037
shadow,2,101,0.0001,82,574,6.505499609899905e-05,0.4107694604567119,2.977404832839966
shadow,2,101,0.0001,83,581,6.431005974894185e-05,0.33085313865116667,2.870612144470215
shadow,2,101,0.0001,84,588,6.356171597328596e-05,0.22767944587394595,3.084779739379883
shadow,2,101,0.0001,85,595,6.281014941466031e-05,0.23922128123896463,2.8938710689544678
shadow,2,101,0.0001,86,602,6.205554551086733e-05,0.25309148856571745,3.0801475048065186
shadow,2,101,0.0001,87,609,6.129809044912887e-05,0.2761904735650335,2.830894708633423
shadow,2,101,0.0001,88,616,6.053797112014738e-05,0.22941276750394277,2.845513105392456
shadow,2,101,0.0001,89,623,5.977537507199338e-05,0.20373569428920746,2.8278627395629883
shadow,2,101,0.0001,90,630,5.901049046383077e-05,0.22572637908160686,3.032879114151001
shadow,2,101,0.0001,91,637,5.8243506019491436e-05,0.21321448843394006,2.909704089164734
shadow,2,101,0.0001,92,644,5.7474610980910354e-05,0.27825493471963064,3.0097455978393555
shadow,2,101,0.0001,93,651,5.6703995061433075e-05,0.2575810232332775,2.885442018508911
shadow,2,101,0.0001,94,658,5.5931848399006745e-05,0.20995917756642615,2.947904109954834
shadow,2,101,0.0001,95,665,5.515836150926646e-05,0.22153400373645127,2.997957706451416
shadow,2,101,0.0001,96,672,5.438372523852833e-05,0.1848673996116434,2.926096796989441
shadow,2,101,0.0001,97,679,5.360813071670102e-05,0.1987247775707926,2.928041458129883
shadow,2,101,0.0001,98,686,5.283176931012731e-05,0.26499930237020763,2.8950040340423584
shadow,2,101,0.0001,99,693,5.205483257436735e-05,0.20032879178013122,2.8962026834487915
shadow,2,101,0.0001,100,700,5.127751220693513e-05,0.20737217047384807,2.925837278366089
shadow,2,101,0.0001,101,707,5.05e-05,0.25940176844596863,3.0627474784851074
shadow,2,101,0.0001,102,714,4.972248779306489e-05,0.19340529612132482,2.937535285949707
shadow,2,101,0.0001,103,721,4.894516742563265e-05,0.2193793718303953,2.9371007680892944
shadow,2,101,0.0001,104,728,4.816823068987269e-05,0.23981872733150209,2.8950114250183105
shadow,2,101,0.0001,105,735,4.739186928329899e-05,0.19080145923154695,2.8578357696533203
shadow,2,101,0.0001,106,742,4.661627476147168e-05,0.29238501829760416,2.8121960163116455
shadow,2,101,0.0001,107,749,4.584163849073354e-05,0.20265744200774602,2.8396317958831787
shadow,2,101,0.0001,108,756,4.5068151600993264e-05,0.19991918445365237,2.9368538856506348
shadow,2,101,0.0001,109,763,4.429600493856695e-05,0.21617815643548965,2.8689346313476562
shadow,2,101,0.0001,110,770,4.352538901908967e-05,0.21476280157055175,2.898129463195801
shadow,2,101,0.0001,111,777,4.275649398050857e-05,0.21424109169415065,2.908031463623047
shadow,2,101,0.0001,112,784,4.198950953616922e-05,0.18998321997267859,2.8923754692077637
shadow,2,101,0.0001,113,791,4.122462492800663e-05,0.17086991561310633,2.9073095321655273
shadow,2,101,0.0001,114,798,4.046202887985264e-05,0.19176739134958812,2.9288365840911865
shadow,2,101,0.0001,115,805,3.9701909550871155e-05,0.19717143582446234,2.926839828491211
shadow,2,101,0.0001,116,812,3.8944454489132674e-05,0.24376267407621657,2.9552663564682007
shadow,2,101,0.0001,117,819,3.818985058533969e-05,0.2204239879335676,2.961776375770569
shadow,2,101,0.0001,118,826,3.7438284026714043e-05,0.19623083195516042,3.1344408988952637
shadow,2,101,0.0001,119,833,3.668994025105816e-05,0.1967768328530448,2.926237463951111
shadow,2,101,0.0001,120,840,3.594500390100096e-05,0.17513038078323007,2.913541555404663
shadow,2,101,0.0001,121,847,3.520365877844012e-05,0.20866035776478903,3.0525403022766113
shadow,2,101,0.0001,122,854,3.44660877991916e-05,0.20800593495368958,2.899369716644287
shadow,2,101,0.0001,123,861,3.373247294785808e-05,0.14999503642320633,2.8830690383911133
shadow,2,101,0.0001,124,868,3.300299523292678e-05,0.22000594649996078,2.9050307273864746
shadow,2,101,0.0001,125,875,3.2277834642108455e-05,0.23535516006605967,2.912536382675171
shadow,2,101,0.0001,126,882,3.155717009792807e-05,0.24298075905867986,2.914475202560425
shadow,2,101,0.0001,127,889,3.084117941357835e-05,0.19989455597741262,2.9235583543777466
shadow,2,101,0.0001,128,896,3.013003924904712e-05,0.1703877882765872,2.9188520908355713
shadow,2,101,0.0001,129,903,2.9423925067528905e-05,0.1727442368865013,2.9404890537261963
shadow,2,101,0.0001,130,910,2.87230110921322e-05,0.19436588883399963,2.928215980529785
shadow,2,101,0.0001,131,917,2.8027470262892437e-05,0.1647826230951718,2.9662795066833496
shadow,2,101,0.0001,132,924,2.7337474194101628e-05,0.1823515806879316,2.905864953994751
shadow,2,101,0.0001,133,931,2.665319313196509e-05,0.18729398346373013,2.989266872406006
shadow,2,101,0.0001,134,938,2.5974795912595825e-05,0.20570275400366103,2.9610533714294434
shadow,2,101,0.0001,135,945,2.5302449920356623e-05,0.23802910425833293,2.9019490480422974
shadow,2,101,0.0001,136,952,2.4636321046560538e-05,0.1600996521966798,2.925247550010681
shadow,2,101,0.001,1,7,0.001,0.9737348428794316,3.504077672958374
shadow,2,101,0.001,2,14,0.000999938933078422,0.5386442190834454,4.124088287353516
shadow,2,101,0.001,3,21,0.0009997557473810372,0.5427656386579786,3.376979112625122
shadow,2,101,0.001,4,28,0.0009994504881061753,0.6457953836236682,4.233320713043213
shadow,2,101,0.001,5,35,0.0009990232305719944,0.6265320990766797,3.2591021060943604
shadow,2,101,0.001,6,42,0.0009984740801978985,0.5325941145420074,3.1990458965301514
shadow,2,101,0.001,7,49,0.0009978031724785245,0.4507785886526108,3.324848175048828
shadow,2,101,0.001,8,56,0.000997010672950314,0.6506600975990295,3.7147116661071777
shadow,2,101,0.001,9,63,0.0009960967771506667,0.6120625558708396,5.585599899291992
shadow,2,101,0.001,10,70,0.000995061710569696,0.7419296417917524,4.007212162017822
shadow,2,101,0.001,11,77,0.0009939057285945933,0.6749845083270755,4.207314729690552
shadow,2,101,0.001,12,84,0.000992629116446613,0.6781375684908458,3.3585205078125
shadow,2,101,0.001,13,91,0.000991232189110701,0.47358860075473785,3.3642773628234863
shadow,2,101,0.001,14,98,0.0009897152912577741,0.3934901979352747,3.2998428344726562
shadow,2,101,0.001,15,105,0.00098807879715968,0.4728339655058725,4.063255310058594
shadow,2,101,0.001,16,112,0.00098632311059685,0.4596266012106623,3.25809383392334
shadow,2,101,0.001,17,119,0.0009844486647586723,0.4453680557864053,4.779106974601746
shadow,2,101,0.001,18,126,0.00098245592213661,0.5826042975698199,4.600079298019409
shadow,2,101,0.001,19,133,0.0009803453744100868,0.4324030450412205,3.157658815383911
shadow,2,101,0.001,20,140,0.0009781175423251734,0.44068489755902973,3.3915352821350098
shadow,2,101,0.001,21,147,0.0009757729755661011,0.45321443889822277,3.054868221282959
shadow,2,101,0.001,22,154,0.0009733122526196349,0.4148373103567532,3.0909509658813477
shadow,2,101,0.001,23,161,0.0009707359806323416,0.42291419420923504,4.776644468307495
shadow,2,101,0.001,24,168,0.0009680447952607845,0.578273355960846,3.2490248680114746
shadow,2,101,0.001,25,175,0.0009652393605146844,0.46093582255499704,4.057615041732788
shadow,2,101,0.001,26,182,0.000962320368593087,0.4810885787010193,3.165525197982788
shadow,2,101,0.001,27,189,0.0009592885397135706,0.40296479208128794,3.070870876312256
shadow,2,101,0.001,28,196,0.0009561446219345453,0.36059560626745224,3.0128023624420166
shadow,2,101,0.001,29,203,0.0009528893909706797,0.46386281507355825,2.975693464279175
shadow,2,101,0.001,30,210,0.0009495236500015047,0.32351278886199,3.4122995138168335
shadow,2,101,0.001,31,217,0.0009460482294732421,0.3405483067035675,2.9419336318969727
shadow,2,101,0.001,32,224,0.0009424639868939033,0.33003732349191395,3.0428690910339355
shadow,2,101,0.001,33,231,0.0009387718066217125,0.34780474645750864,2.9713032245635986
shadow,2,101,0.001,34,238,0.0009349725996469047,0.3273635996239526,3.1839473247528076
shadow,2,101,0.001,35,245,0.0009310673033669522,0.3186160389866148,3.0159847736358643
shadow,2,101,0.001,36,252,0.0009270568813552756,0.30037940187113626,3.2820513248443604
shadow,2,101,0.001,37,259,0.0009229423231234975,0.37091884868485586,3.815478801727295
shadow,2,101,0.001,38,266,0.0009187246438772938,0.3148159645497799,3.2028586864471436
shadow,2,101,0.001,39,273,0.0009144048842659081,0.23364256588476046,3.29451322555542
shadow,2,101,0.001,40,280,0.0009099841101253866,0.2551838308572769,2.8739166259765625
shadow,2,101,0.001,41,287,0.000905463412215599,0.25584709431443897,3.077443838119507
shadow,2,101,0.001,42,294,0.0009008439059511099,0.22011512112138526,3.0483182668685913
shadow,2,101,0.001,43,301,0.0008961267311259666,0.3025038540363312,3.29571533203125
shadow,2,101,0.001,44,308,0.0008913130516324732,0.2464177076305662,5.054982423782349
shadow,2,101,0.001,45,315,0.0008864040551740157,0.3797008597425052,3.3091959953308105
shadow,2,101,0.001,46,322,0.0008814009529720154,0.36440373957157135,3.8432137966156006
shadow,2,101,0.001,47,329,0.0008763049794670775,0.2379159586770194,3.4031004905700684
shadow,2,101,0.001,48,336,0.0008711173920144117,0.25230321075235096,3.55846905708313
shadow,2,101,0.001,49,343,0.0008658394705735987,0.2703505669321333,3.0724337100982666
shadow,2,101,0.001,50,350,0.0008604725173927785,0.18828591810805456,2.948105216026306
shadow,2,101,0.001,51,357,0.000855017856687341,0.21229703085763113,3.2438520193099976
shadow,2,101,0.001,52,364,0.0008494768343131955,0.1996821974005018,3.025763750076294
shadow,2,101,0.001,53,371,0.0008438508174347009,0.1546072657885296,3.01920747756958
shadow,2,101,0.001,54,378,0.0008381411941873378,0.27077607810497284,3.00913667678833
shadow,2,101,0.001,55,385,0.0008323493733352077,0.23467794060707092,2.8942785263061523
shadow,2,101,0.001,56,392,0.000826476783923441,0.2749960741826466,3.740001678466797
shadow,2,101,0.001,57,399,0.0008205248749256015,0.24857830149786814,3.302847385406494
shadow,2,101,0.001,58,406,0.0008144951148861742,0.20416188186832837,3.233157515525818
shadow,2,101,0.001,59,413,0.0008083889915582234,0.2662295401096344,2.8864551782608032
shadow,2,101,0.001,60,420,0.0008022080115363127,0.26536200824193656,3.564344048500061
shadow,2,101,0.001,61,427,0.0007959536998847743,0.22929940266268595,2.612172842025757
shadow,2,101,0.001,62,434,0.0007896275997614229,0.1808971113392285,2.7060153484344482
shadow,2,101,0.001,63,441,0.0007832312720368048,0.13115206360816956,3.427272081375122
shadow,2,101,0.001,64,448,0.0007767662949090753,0.11311014369130135,2.870274543762207
shadow,2,101,0.001,65,455,0.0007702342635146033,0.18890997554574693,3.877159595489502
shadow,2,101,0.001,66,462,0.0007636367895343947,0.2736863281045641,3.160077452659607
shadow,2,101,0.001,67,469,0.0007569755007964338,0.18794689859662736,3.107733964920044
shadow,2,101,0.001,68,476,0.0007502520408740418,0.13960866310766765,3.0139992237091064
shadow,2,101,0.001,69,483,0.000743468068680349,0.10702077858150005,2.869471788406372
shadow,2,101,0.001,70,490,0.0007366252580589839,0.10204888773815972,2.8579154014587402
shadow,2,101,0.001,71,497,0.0007297252973710757,0.1339233943394252,3.0372531414031982
shadow,2,101,0.001,72,504,0.0007227698890786779,0.14487456849643163,2.783200263977051
shadow,2,101,0.001,73,511,0.000715760749324711,0.16529336997440883,3.034977912902832
shadow,2,101,0.001,74,518,0.0007086996075095289,0.1351698280445167,3.369563937187195
shadow,2,101,0.001,75,525,0.0007015882058642164,0.1611310914158821,3.124370574951172
shadow,2,101,0.001,76,532,0.0006944282990207195,0.1752274270568575,3.3780176639556885
shadow,2,101,0.001,77,539,0.0006872216535789157,0.15271294436284474,3.11001980304718
shadow,2,101,0.001,78,546,0.0006799700476707324,0.1620257289281913,2.900628089904785
shadow,2,101,0.001,79,553,0.0006726752705214194,0.09203674431358065,3.1104283332824707
shadow,2,101,0.001,80,560,0.000665339122008084,0.08842611938182797,3.106388568878174
shadow,2,101,0.001,81,567,0.000657963412215599,0.11707225920898574,3.0669742822647095
shadow,2,101,0.001,82,574,0.0006505499609899905,0.16954085816230094,2.900907516479492
shadow,2,101,0.001,83,581,0.0006431005974894186,0.06992881093174219,3.0525405406951904
shadow,2,101,0.001,84,588,0.0006356171597328595,0.08761897729709744,3.1041769981384277
shadow,2,101,0.001,85,595,0.000628101494146603,0.10711268548454557,3.1599979400634766
shadow,2,101,0.001,86,602,0.0006205554551086733,0.07806265280981149,3.0107076168060303
shadow,2,101,0.001,87,609,0.0006129809044912887,0.07345851603895426,3.106660842895508
shadow,2,101,0.001,88,616,0.0006053797112014738,0.0964389688202313,3.0041708946228027
shadow,2,101,0.001,89,623,0.0005977537507199338,0.0962022106562342,3.207277297973633
shadow,2,101,0.001,90,630,0.0005901049046383077,0.09813146452818598,3.1700541973114014
shadow,2,101,0.001,91,637,0.0005824350601949143,0.10157936385699681,3.122012495994568
shadow,2,101,0.01,1,7,0.01,205.35987274987357,594.3287247419357
shadow,2,101,0.01,2,14,0.00999938933078422,1800.566870553153,10735.686065673828
shadow,2,101,0.01,3,21,0.009997557473810372,2576.0021623883927,12488.532440185547
shadow,2,101,0.01,4,28,0.009994504881061753,1124.8844037737165,435.9788007736206
shadow,2,101,0.01,5,35,0.009990232305719944,111.32381984165737,131.74897170066833
shadow,2,101,0.01,6,42,0.009984740801978984,63.26967566353934,3.519010066986084
shadow,2,101,0.01,7,49,0.009978031724785246,0.611130063022886,3.523221969604492
shadow,2,101,0.01,8,56,0.00997010672950314,0.5094538650342396,3.5176796913146973
shadow,2,101,0.01,9,63,0.009960967771506667,0.541981931243624,3.5097270011901855
shadow,2,101,0.01,10,70,0.00995061710569696,0.5491535067558289,3.5133490562438965
shadow,2,101,0.01,11,77,0.009939057285945933,0.5628224419695991,3.5138626098632812
shadow,2,101,0.01,12,84,0.00992629116446613,0.5495980254241398,3.5091614723205566
shadow,2,101,0.01,13,91,0.00991232189110701,0.5495285817555019,3.5073299407958984
shadow,2,101,0.01,14,98,0.00989715291257774,0.5885979916368212,3.508854389190674
shadow,2,101,0.01,15,105,0.0098807879715968,0.5666375969137464,3.514937400817871
shadow,2,101,0.01,16,112,0.0098632311059685,0.5366959401539394,3.5198464393615723
shadow,2,101,0.01,17,119,0.009844486647586723,0.6119067881788526,3.5193557739257812
shadow,2,101,0.01,18,126,0.0098245592213661,0.5992946071284158,3.51513671875
shadow,2,101,0.01,19,133,0.009803453744100868,0.527110333953585,3.5141959190368652
shadow,2,101,0.01,20,140,0.009781175423251734,0.5098413888897214,3.5108160972595215
shadow,2,101,0.01,21,147,0.009757729755661011,0.4989860387785094,3.5108890533447266
shadow,2,101,0.01,22,154,0.009733122526196349,0.5406483624662671,3.5120720863342285
shadow,2,101,0.01,23,161,0.009707359806323416,0.5345918238162994,3.5090818405151367
shadow,2,101,0.01,24,168,0.009680447952607845,0.5171799446855273,3.5100088119506836
shadow,2,101,0.01,25,175,0.009652393605146845,0.5167087912559509,3.5122742652893066
shadow,2,101,0.01,26,182,0.00962320368593087,0.523869012083326,3.5152812004089355
shadow,2,101,0.01,27,189,0.009592885397135707,0.6905925018446786,3.519965648651123
shadow,2,101,0.01,28,196,0.009561446219345454,0.5143271088600159,3.5218310356140137
shadow,2,101,0.01,29,203,0.009528893909706798,0.6435483779226031,3.519476890563965
shadow,2,101,0.01,30,210,0.009495236500015047,126.2824741261346,464.59820079803467
shadow,2,101,0.01,31,217,0.00946048229473242,94.23428876059396,696.8134479522705
shadow,2,101,0.01,32,224,0.009424639868939034,50.98764501299177,3.51175594329834
shadow,2,101,0.01,33,231,0.009387718066217124,23.538258416312082,3.511258602142334
shadow,2,101,0.01,34,238,0.009349725996469048,0.6837774770600455,3.5110669136047363
shadow,2,101,0.01,35,245,0.00931067303366952,37.81965211885316,712.5104942321777
shadow,2,101,0.01,36,252,0.009270568813552756,75.91829541325569,3.512096405029297
shadow,2,101,0.01,37,259,0.009229423231234974,0.5245734070028577,3.508880615234375
shadow,2,101,0.01,38,266,0.009187246438772938,0.49775498679706026,3.5064172744750977
shadow,2,101,0.01,39,273,0.009144048842659082,0.5375347818647113,3.504232883453369
shadow,2,101,0.01,40,280,0.009099841101253866,0.5380008390971592,3.500980854034424
shadow,2,101,0.01,41,287,0.00905463412215599,0.5303303684507098,3.5039453506469727
shadow,2,101,0.01,42,294,0.0090084390595111,0.7023286947182247,3.5042953491210938
shadow,2,101,0.01,43,301,0.008961267311259666,0.6494197590010506,3.5010805130004883
shadow,2,101,0.01,44,308,0.008913130516324731,0.5970980865614754,3.5061278343200684
shadow,2,101,0.01,45,315,0.008864040551740157,0.5337303578853607,3.5124940872192383
shadow,2,101,0.01,46,322,0.008814009529720154,0.4985441895467894,3.5146307945251465
shadow,2,101,0.01,47,329,0.008763049794670776,0.5271245070866176,3.5139994621276855
shadow,2,101,0.01,48,336,0.008711173920144118,0.6340671479701996,3.5127511024475098
shadow,2,101,0.01,49,343,0.008658394705735987,0.5462351952280317,3.5117573738098145
shadow,2,101,0.01,50,350,0.008604725173927784,0.5563040758882251,3.5096397399902344
shadow,2,101,0.01,51,357,0.00855017856687341,0.6866263449192047,3.5102930068969727
shadow,2,101,0.01,52,364,0.008494768343131955,0.6348049470356533,3.5148215293884277
shadow,2,101,0.01,53,371,0.00843850817434701,0.537313631602696,3.5203371047973633
shadow,2,101,0.01,54,378,0.008381411941873378,0.7120988070964813,3.518983840942383
shadow,2,101,0.01,55,385,0.008323493733352076,0.500386900135449,3.517820358276367
shadow,2,101,0.01,56,392,0.008264767839234409,0.6270437283175332,3.514915943145752
shadow,2,101,0.01,57,399,0.008205248749256015,0.5417766783918653,3.5138092041015625
shadow,2,101,0.01,58,406,0.008144951148861742,0.5128273069858551,3.512906074523926
shadow,2,101,0.01,59,413,0.008083889915582234,0.662410306079047,3.512479305267334
shadow,2,101,0.01,60,420,0.008022080115363126,0.6182912928717477,3.511430263519287
shadow,2,101,0.01,61,427,0.007959536998847744,0.6573330334254673,3.5085577964782715
shadow,2,101,0.01,62,434,0.00789627599761423,0.5014141159398215,3.510420799255371
shadow,2,101,0.01,63,441,0.007832312720368047,0.49882075084107264,3.51259183883667
shadow,2,101,0.01,64,448,0.007767662949090753,0.5123112159115928,3.5122270584106445
shadow,2,101,0.01,65,455,0.007702342635146034,0.5666775618280683,3.5098142623901367
shadow,2,101,0.01,66,462,0.007636367895343947,0.49449347651430536,3.5128607749938965
shadow,2,101,0.01,67,469,0.007569755007964339,0.49529320533786503,3.513780117034912
shadow,2,101,0.01,68,476,0.007502520408740419,0.5483435222080776,3.5145626068115234
shadow,2,101,0.01,69,483,0.007434680686803491,0.5565763882228306,3.5131421089172363
shadow,2,101,0.01,70,490,0.0073662525805898394,0.542660402400153,3.512989044189453
shadow,3,101,1e-05,1,7,1e-05,0.5608040690422058,3.5688837224786933
shadow,3,101,1e-05,2,14,9.99938933078422e-06,0.5264540612697601,3.573381366151752
shadow,3,101,1e-05,3,21,9.997557473810373e-06,0.5899221173354557,3.5606012055368135
shadow,3,101,1e-05,4,28,9.994504881061752e-06,0.5916288878236499,3.5513372710256865
shadow,3,101,1e-05,5,35,9.990232305719944e-06,0.5790769074644361,3.551235314571496
shadow,3,101,1e-05,6,42,9.984740801978984e-06,0.6109793697084699,3.555048855868253
shadow,3,101,1e-05,7,49,9.978031724785247e-06,0.4863540723121592,3.5663223266601562
shadow,3,101,1e-05,8,56,9.97010672950314e-06,0.5727073763098035,3.5711623683120264
shadow,3,101,1e-05,9,63,9.960967771506666e-06,0.5901638354573931,3.574812224417022
shadow,3,101,1e-05,10,70,9.950617105696961e-06,0.550150773354939,3.572987411961411
shadow,3,101,1e-05,11,77,9.939057285945933e-06,0.5134633481502533,3.5631424874970405
shadow,3,101,1e-05,12,84,9.926291164466131e-06,0.491658098064363,3.5657175237482246
shadow,3,101,1e-05,13,91,9.91232189110701e-06,0.6178848360266004,3.563874678178267
shadow,3,101,1e-05,14,98,9.897152912577742e-06,0.5440899793590818,3.562450986919981
shadow,3,101,1e-05,15,105,9.8807879715968e-06,0.4730516809171864,3.553030303030303
shadow,3,101,1e-05,16,112,9.8632311059685e-06,0.5177673952920097,3.5453595248135654
shadow,3,101,1e-05,17,119,9.844486647586724e-06,0.6746814165796552,3.541327967788234
shadow,3,101,1e-05,18,126,9.824559221366101e-06,0.49143512334142414,3.5449676513671875
shadow,3,101,1e-05,19,133,9.803453744100868e-06,0.555434490953173,3.555345477479877
shadow,3,101,1e-05,20,140,9.781175423251734e-06,0.5053226011140006,3.561079314260772
shadow,3,101,1e-05,21,147,9.757729755661012e-06,0.5183981678315571,3.564481330640388
shadow,3,101,1e-05,22,154,9.73312252619635e-06,0.47978278196283747,3.5632476806640625
shadow,3,101,1e-05,23,161,9.707359806323418e-06,0.6933529930455344,3.553706082430753
shadow,3,101,1e-05,24,168,9.680447952607845e-06,0.5056190490722656,3.552220431241122
shadow,3,101,1e-05,25,175,9.652393605146845e-06,0.5792904240744454,3.5533061172022964
shadow,3,101,1e-05,26,182,9.62320368593087e-06,0.4921511432954243,3.5571633541222774
shadow,3,101,1e-05,27,189,9.592885397135707e-06,0.49351864627429415,3.569373853278883
shadow,3,101,1e-05,28,196,9.561446219345455e-06,0.5644646499838147,3.5788338401100854
shadow,3,101,1e-05,29,203,9.528893909706798e-06,0.5258240359170097,3.575436678799716
shadow,3,101,1e-05,30,210,9.495236500015048e-06,0.4930223503283092,3.5723190307617188
shadow,3,101,1e-05,31,217,9.460482294732422e-06,0.4971441296594484,3.5754121722597065
shadow,3,101,1e-05,32,224,9.424639868939035e-06,0.49405305619750706,3.571547999526515
shadow,3,101,1e-05,33,231,9.387718066217125e-06,0.5962228093828473,3.563629150390625
shadow,3,101,1e-05,34,238,9.349725996469047e-06,0.5086927392653057,3.557807691169508
shadow,3,101,1e-05,35,245,9.310673033669522e-06,0.5431838801928929,3.5549492113517993
shadow,3,101,1e-05,36,252,9.270568813552757e-06,0.5238571635314396,3.5628636678059897
shadow,3,101,1e-05,37,259,9.229423231234975e-06,0.6601101245198931,3.5693165172230112
shadow,3,101,1e-05,38,266,9.18724643877294e-06,0.4788928018616779,3.5753069790926846
shadow,3,101,1e-05,39,273,9.144048842659081e-06,0.574250361749104,3.579532276500355
shadow,3,101,1e-05,40,280,9.099841101253867e-06,0.481168703325758,3.57408095851089
shadow,3,101,1e-05,41,287,9.054634122155991e-06,0.5531133668763297,3.5756789698745264
shadow,3,101,1e-05,42,294,9.0084390595111e-06,0.5155825529779706,3.5715001424153647
shadow,3,101,1e-05,43,301,8.961267311259668e-06,0.6403823282037463,3.573536728367661
shadow,3,101,1e-05,44,308,8.913130516324733e-06,0.5074665269681385,3.5751032973780776
shadow,3,101,1e-05,45,315,8.864040551740158e-06,0.5209492232118335,3.5768293900923296
shadow,3,101,1e-05,46,322,8.814009529720155e-06,0.4997238027197974,3.5773359356504497
shadow,3,101,1e-05,47,329,8.763049794670776e-06,0.5323218149798257,3.5670665394176138
shadow,3,101,0.0001,1,7,0.0001,0.6099731028079987,3.555298545143821
shadow,3,101,0.0001,2,14,9.99938933078422e-05,0.5177944345133645,3.5673624674479165
shadow,3,101,0.0001,3,21,9.997557473810373e-05,0.6154491816248212,3.5350774129231772
shadow,3,101,0.0001,4,28,9.994504881061753e-05,0.5701999217271805,3.586366133256392
shadow,3,101,0.0001,5,35,9.990232305719945e-05,0.5782146879604885,3.687533291903409
shadow,3,101,0.0001,6,42,9.984740801978984e-05,0.5544381737709045,3.587564179391572
shadow,3,101,0.0001,7,49,9.978031724785247e-05,0.4707480663699763,3.579152656323982
shadow,3,101,0.0001,8,56,9.97010672950314e-05,0.5258817821741104,3.5768927371863164
shadow,3,101,0.0001,9,63,9.960967771506667e-05,0.5042428416865212,3.6867615670868843
shadow,3,101,0.0001,10,70,9.95061710569696e-05,0.46510730364492964,3.6021414092092803
shadow,3,101,0.0001,11,77,9.939057285945933e-05,0.46037845952170237,3.624030835700758
shadow,3,101,0.0001,12,84,9.926291164466132e-05,0.45661589822598864,3.6755667021780303
shadow,3,101,0.0001,13,91,9.91232189110701e-05,0.5385644648756299,3.6087715842507104
shadow,3,101,0.0001,14,98,9.897152912577741e-05,0.5475431872265679,3.717658765388258
shadow,3,101,0.0001,15,105,9.8807879715968e-05,0.41738709807395935,3.6555612737482246
shadow,3,101,0.0001,16,112,9.8632311059685e-05,0.42239499730723246,3.682752898245147
shadow,3,101,0.0001,17,119,9.844486647586725e-05,0.5271541731698173,3.6829013246478457
shadow,3,101,0.0001,18,126,9.824559221366101e-05,0.4871937462261745,3.826875860040838
shadow,3,101,0.0001,19,133,9.803453744100869e-05,0.37669489958456587,3.747103142015862
shadow,3,101,0.0001,20,140,9.781175423251735e-05,0.42287484662873404,3.987711357347893
shadow,3,101,0.0001,21,147,9.757729755661011e-05,0.45306711537497385,3.7430019956646543
shadow,3,101,0.0001,22,154,9.73312252619635e-05,0.4110862783023289,3.7742469094016333
shadow,3,101,0.0001,23,161,9.707359806323417e-05,0.3774265114750181,3.818936897046638
shadow,3,101,0.0001,24,168,9.680447952607845e-05,0.35982498952320646,3.8169666637073862
shadow,3,101,0.0001,25,175,9.652393605146844e-05,0.3168481955570834,3.9510881828539297
shadow,3,101,0.0001,26,182,9.623203685930869e-05,0.3867477497884205,3.9421467636570786
shadow,3,101,0.0001,27,189,9.592885397135707e-05,0.3966468061719622,3.9381718491062974
shadow,3,101,0.0001,28,196,9.561446219345454e-05,0.39573749261243,3.9493128458658853
shadow,3,101,0.0001,29,203,9.528893909706797e-05,0.3510703577526978,3.919184598055753
shadow,3,101,0.0001,30,210,9.495236500015047e-05,0.39277358991759165,4.099735606800426
shadow,3,101,0.0001,31,217,9.460482294732421e-05,0.36449792768274036,3.970093467018821
shadow,3,101,0.0001,32,224,9.424639868939033e-05,0.3718296523605074,4.094263943758878
shadow,3,101,0.0001,33,231,9.387718066217124e-05,0.37573438031332834,4.051295656146425
shadow,3,101,0.001,1,7,0.001,0.6955387847764152,4.502155188358191
shadow,3,101,0.001,2,14,0.000999938933078422,0.6595678755215236,4.340539412064985
shadow,3,101,0.001,3,21,0.0009997557473810372,0.6739357454436166,3.4944851037227744
shadow,3,101,0.001,4,28,0.0009994504881061753,0.632933646440506,3.5472271081173057
shadow,3,101,0.001,5,35,0.0009990232305719944,0.6035278865269252,3.870454961603338
shadow,3,101,0.001,6,42,0.0009984740801978985,0.49662778207233976,4.0977459531841856
shadow,3,101,0.001,7,49,0.0009978031724785245,0.43141821399331093,3.8362967751242896
shadow,3,101,0.001,8,56,0.000997010672950314,0.4556113524096353,4.149013634883996
shadow,3,101,0.001,9,63,0.0009960967771506667,0.41848995643002646,3.962006308815696
shadow,3,101,0.001,10,70,0.000995061710569696,0.5629898863179343,4.308243722626657
shadow,3,101,0.001,11,77,0.0009939057285945933,0.48022972685950144,4.713986483487216
shadow,3,101,0.001,12,84,0.000992629116446613,0.42504223010369707,3.9456562851414536
shadow,3,101,0.001,13,91,0.000991232189110701,0.4589413447039468,4.676130121404475
shadow,3,101,0.001,14,98,0.0009897152912577741,0.3569974558694022,4.352932091915246
shadow,3,101,0.001,15,105,0.00098807879715968,0.5644775969641549,4.167265227346709
shadow,3,101,0.001,16,112,0.00098632311059685,0.3197398701948779,4.710868604255445
shadow,3,101,0.001,17,119,0.0009844486647586723,0.5060825986521584,3.828094482421875
shadow,3,101,0.001,18,126,0.00098245592213661,0.3261017607791083,4.297129081957268
shadow,3,101,0.001,19,133,0.0009803453744100868,0.30225425053920063,4.026685078938802
shadow,3,101,0.001,20,140,0.0009781175423251734,0.24189064545290812,5.101521809895833
shadow,3,101,0.001,21,147,0.0009757729755661011,0.2787559468831335,4.495771465879498
shadow,3,101,0.001,22,154,0.0009733122526196349,0.24550736322999,5.107515508478338
shadow,3,101,0.001,23,161,0.0009707359806323416,0.2472995732511793,5.240071845777107
shadow,3,101,0.001,24,168,0.0009680447952607845,0.2999679297208786,4.80606680205374
shadow,3,101,0.001,25,175,0.0009652393605146844,0.2668070861670588,4.725904984907671
shadow,3,101,0.001,26,182,0.000962320368593087,0.25487227525029865,4.870013265898733
shadow,3,101,0.001,27,189,0.0009592885397135706,0.29865192834820065,5.801330450809363
shadow,3,101,0.001,28,196,0.0009561446219345453,0.295171069247382,4.974493431322502
shadow,3,101,0.001,29,203,0.0009528893909706797,0.3034788026707247,5.50619853626598
shadow,3,101,0.001,30,210,0.0009495236500015047,0.4126537176115172,3.9385734326911694
shadow,3,101,0.001,31,217,0.0009460482294732421,0.30029247142374516,4.8278367013642285
shadow,3,101,0.001,32,224,0.0009424639868939033,0.28444285477910725,5.111011851917613
shadow,3,101,0.001,33,231,0.0009387718066217125,0.25912275369669907,4.518326730439157
shadow,3,101,0.01,1,7,0.01,41.980999554906575,161.893010226163
shadow,3,101,0.01,2,14,0.00999938933078422,92.05716868809291,843.9323286576705
shadow,3,101,0.01,3,21,0.009997557473810372,274.0600177219936,78.13702912764116
shadow,3,101,0.01,4,28,0.009994504881061753,100.27875573294503,41.99920769893762
shadow,3,101,0.01,5,35,0.009990232305719944,204.01385389055525,545.1484818892045
shadow,3,101,0.01,6,42,0.009984740801978984,248.75387736729212,866.4389833392519
shadow,3,101,0.01,7,49,0.009978031724785246,53.9333165032523,99.75899251302083
shadow,3,101,0.01,8,56,0.00997010672950314,7.9577213525772095,3.5936885024562026
shadow,3,101,0.01,9,63,0.009960967771506667,0.6863296713147845,3.605570244066643
shadow,3,101,0.01,10,70,0.00995061710569696,0.5511197703225272,3.594495831113873
shadow,3,101,0.01,11,77,0.009939057285945933,8.561967198337827,3.580789277047822
shadow,3,101,0.01,12,84,0.00992629116446613,0.49202887966696707,3.5799895777846826
shadow,3,101,0.01,13,91,0.00991232189110701,0.6183261445590428,3.575627644856771
shadow,3,101,0.01,14,98,0.00989715291257774,0.5526633518082755,3.5673164598869556
shadow,3,101,0.01,15,105,0.0098807879715968,0.49583486414381434,3.5587539672851562
shadow,3,101,0.01,16,112,0.0098632311059685,0.5445383191108704,3.5552037556966147
shadow,3,101,0.01,17,119,0.009844486647586723,0.652782257114138,3.5518352624141807
shadow,3,101,0.01,18,126,0.0098245592213661,0.4944743915860142,3.5530668316465435
shadow,3,101,0.01,19,133,0.009803453744100868,0.5122435965708324,3.5529533155036694
shadow,3,101,0.01,20,140,0.009781175423251734,0.5345860081059592,3.5508013638583096
shadow,3,101,0.01,21,147,0.009757729755661011,0.49985224434307646,3.5491497155391807
shadow,3,101,0.01,22,154,0.009733122526196349,0.4937689940312079,3.5480718901663115
shadow,3,101,0.01,23,161,0.009707359806323416,0.6882228425570897,3.547923463763613
shadow,3,101,0.01,24,168,0.009680447952607845,0.5459023714065552,3.5505253184925425
shadow,3,101,0.01,25,175,0.009652393605146845,0.5721859421048846,3.5541825727982954
shadow,3,101,0.01,26,182,0.00962320368593087,0.4918547139636108,3.5578072287819604
shadow,3,101,0.01,27,189,0.009592885397135707,0.49782318994402885,3.5609771266128076
shadow,3,101,0.01,28,196,0.009561446219345454,0.5520617536136082,3.5660589969519414
shadow,3,101,0.01,29,203,0.009528893909706798,0.5332625934055873,3.562998916163589
shadow,3,101,0.01,30,210,0.009495236500015047,0.4968643145901816,3.5638367623993843
shadow,3,101,0.01,31,217,0.00946048229473242,0.4979066880685942,3.565557537656842
shadow,3,101,0.01,32,224,0.009424639868939034,0.507094104375158,3.563658511999882
shadow,3,101,0.01,33,231,0.009387718066217124,0.6107215029852731,3.559646144057765
shadow,3,101,0.01,34,238,0.009349725996469048,0.4925502222031355,3.5571208144679214
shadow,3,101,0.01,35,245,0.00931067303366952,0.5537820884159633,3.5565273400508994
shadow,3,101,0.01,36,252,0.009270568813552756,0.5459161400794983,3.5574934988310845
shadow,3,101,0.01,37,259,0.009229423231234974,0.6766139268875122,3.557183699174361
shadow,3,101,0.01,38,266,0.009187246438772938,0.4922538697719574,3.5587114276308003
shadow,3,101,0.01,39,273,0.009144048842659082,0.5790873765945435,3.559320392030658
shadow,3,101,0.01,40,280,0.009099841101253866,0.4927103189485414,3.5577383330374053
shadow,3,101,0.01,41,287,0.00905463412215599,0.5617843185152326,3.557431307705966
shadow,3,101,0.01,42,294,0.0090084390595111,0.5540937014988491,3.556084835168087
shadow,3,101,0.01,43,301,0.008961267311259666,0.6846418849059513,3.5567162253639917
shadow,3,101,0.01,44,308,0.008913130516324731,0.5095666434083667,3.555910977450284
shadow,3,101,0.01,45,315,0.008864040551740157,0.5531732312270573,3.557044751716383
shadow,3,101,0.01,46,322,0.008814009529720154,0.5168361642530986,3.5587592847419507
shadow,3,101,0.01,47,329,0.008763049794670776,0.5161727070808411,3.5577984434185606
shadow,3,101,0.01,48,336,0.008711173920144118,0.5840176216193608,3.5568928574070786
shadow,3,101,0.01,49,343,0.008658394705735987,0.6452146129948753,3.557805379231771
shadow,3,101,0.01,50,350,0.008604725173927784,0.5485793607575553,3.5595649950432056
shadow,3,101,0.01,51,357,0.00855017856687341,0.5474637235913958,3.558651317249645
shadow,3,101,0.01,52,364,0.008494768343131955,0.4955793156155518,3.5564635305693657
shadow,3,101,0.01,53,371,0.00843850817434701,0.49460419586726595,3.5552703395034326
shadow,4,101,1e-05,1,7,1e-05,0.4951745036191174,3.399290084838867
shadow,4,101,1e-05,2,14,9.99938933078422e-06,0.4910098782607487,3.3991036415100098
shadow,4,101,1e-05,3,21,9.997557473810373e-06,0.6278773333345141,3.3990023136138916
shadow,4,101,1e-05,4,28,9.994504881061752e-06,0.5000284303511892,3.3990747928619385
shadow,4,101,1e-05,5,35,9.990232305719944e-06,0.5056213544947761,3.3990323543548584
shadow,4,101,1e-05,6,42,9.984740801978984e-06,0.4890932962298393,3.3989360332489014
shadow,4,101,1e-05,7,49,9.978031724785247e-06,0.5351536529404777,3.398843765258789
shadow,4,101,1e-05,8,56,9.97010672950314e-06,0.4937578262761235,3.3986127376556396
shadow,4,101,1e-05,9,63,9.960967771506666e-06,0.5711884924343654,3.398026943206787
shadow,4,101,1e-05,10,70,9.950617105696961e-06,0.5168337949684688,3.3976476192474365
shadow,4,101,1e-05,11,77,9.939057285945933e-06,0.5210103169083595,3.3971810340881348
shadow,4,101,1e-05,12,84,9.926291164466131e-06,0.5377764063222068,3.3967134952545166
shadow,4,101,1e-05,13,91,9.91232189110701e-06,0.48073259381843464,3.396212100982666
shadow,4,101,1e-05,14,98,9.897152912577742e-06,0.5119581462017128,3.3957486152648926
shadow,4,101,1e-05,15,105,9.8807879715968e-06,0.7221767902374268,3.395439624786377
shadow,4,101,1e-05,16,112,9.8632311059685e-06,0.7437305237565722,3.3950061798095703
shadow,4,101,1e-05,17,119,9.844486647586724e-06,0.6361831000873021,3.3945813179016113
shadow,4,101,1e-05,18,126,9.824559221366101e-06,0.5940289710249219,3.3940651416778564
shadow,4,101,1e-05,19,133,9.803453744100868e-06,0.5466701516083309,3.393648386001587
shadow,4,101,1e-05,20,140,9.781175423251734e-06,0.5461615111146655,3.3933968544006348
shadow,4,101,1e-05,21,147,9.757729755661012e-06,0.6377946478979928,3.392965793609619
shadow,4,101,1e-05,22,154,9.73312252619635e-06,0.6851020412785667,3.3922338485717773
shadow,4,101,1e-05,23,161,9.707359806323418e-06,0.6296561360359192,3.3914856910705566
shadow,4,101,1e-05,24,168,9.680447952607845e-06,0.4969069595847811,3.3907508850097656
shadow,4,101,1e-05,25,175,9.652393605146845e-06,0.4734136150883777,3.3900299072265625
shadow,4,101,1e-05,26,182,9.62320368593087e-06,0.4885130535944232,3.3894550800323486
shadow,4,101,1e-05,27,189,9.592885397135707e-06,0.47866577468812466,3.388489007949829
shadow,4,101,1e-05,28,196,9.561446219345455e-06,0.4784546441265515,3.3872060775756836
shadow,4,101,1e-05,29,203,9.528893909706798e-06,0.4940575190952846,3.3860509395599365
shadow,4,101,1e-05,30,210,9.495236500015048e-06,0.4648894678269114,3.3850014209747314
shadow,4,101,1e-05,31,217,9.460482294732422e-06,0.5150468306882041,3.384047508239746
shadow,4,101,1e-05,32,224,9.424639868939035e-06,0.5426507762500218,3.3832600116729736
shadow,4,101,1e-05,33,231,9.387718066217125e-06,0.4724873672904713,3.3824195861816406
shadow,4,101,1e-05,34,238,9.349725996469047e-06,0.6575294094426292,3.3815391063690186
shadow,4,101,1e-05,35,245,9.310673033669522e-06,0.5199564184461322,3.381028652191162
shadow,4,101,1e-05,36,252,9.270568813552757e-06,0.5952590107917786,3.380208969116211
shadow,4,101,1e-05,37,259,9.229423231234975e-06,0.5927842898028237,3.379354238510132
shadow,4,101,1e-05,38,266,9.18724643877294e-06,0.7278265825339726,3.3783931732177734
shadow,4,101,1e-05,39,273,9.144048842659081e-06,0.6115862301417759,3.37730073928833
shadow,4,101,1e-05,40,280,9.099841101253867e-06,0.6193962182317462,3.3764586448669434
shadow,4,101,1e-05,41,287,9.054634122155991e-06,0.4848920359675373,3.3758432865142822
shadow,4,101,1e-05,42,294,9.0084390595111e-06,0.5212439170905522,3.374960422515869
shadow,4,101,1e-05,43,301,8.961267311259668e-06,0.4694895539432764,3.373518943786621
shadow,4,101,1e-05,44,308,8.913130516324733e-06,0.5169170924595424,3.372431993484497
shadow,4,101,1e-05,45,315,8.864040551740158e-06,0.5169772974082402,3.3716862201690674
shadow,4,101,1e-05,46,322,8.814009529720155e-06,0.6998111988816943,3.3709893226623535
shadow,4,101,1e-05,47,329,8.763049794670776e-06,0.7577308203492846,3.3701674938201904
shadow,4,101,1e-05,48,336,8.711173920144118e-06,0.5023915427071708,3.369173049926758
shadow,4,101,1e-05,49,343,8.658394705735988e-06,0.48166973356689724,3.36833119392395
shadow,4,101,1e-05,50,350,8.604725173927786e-06,0.479304085635314,3.3677778244018555
shadow,4,101,1e-05,51,357,8.550178566873412e-06,0.7131117284297943,3.366868257522583
shadow,4,101,1e-05,52,364,8.494768343131955e-06,0.49592032602855135,3.365685224533081
shadow,4,101,1e-05,53,371,8.43850817434701e-06,0.6371649716581617,3.3647382259368896
shadow,4,101,1e-05,54,378,8.381411941873379e-06,0.4700845777988434,3.3637261390686035
shadow,4,101,1e-05,55,385,8.323493733352078e-06,0.4884099747453417,3.3627254962921143
shadow,4,101,1e-05,56,392,8.26476783923441e-06,0.47768962995282244,3.3615450859069824
shadow,4,101,1e-05,57,399,8.205248749256014e-06,0.47084259135382517,3.3599188327789307
shadow,4,101,1e-05,58,406,8.144951148861743e-06,0.46752368552344187,3.358071804046631
shadow,4,101,1e-05,59,413,8.083889915582235e-06,0.4950816588742392,3.3557376861572266
shadow,4,101,1e-05,60,420,8.022080115363127e-06,0.5555928413357053,3.353609085083008
shadow,4,101,1e-05,61,427,7.959536998847744e-06,0.5677030214241573,3.3519039154052734
shadow,4,101,1e-05,62,434,7.89627599761423e-06,0.5466381055968148,3.350497245788574
shadow,4,101,1e-05,63,441,7.832312720368048e-06,0.48026440824781147,3.3488786220550537
shadow,4,101,1e-05,64,448,7.767662949090754e-06,0.4615631603768894,3.3475711345672607
shadow,4,101,1e-05,65,455,7.702342635146033e-06,0.47747583048684256,3.346038818359375
shadow,4,101,1e-05,66,462,7.636367895343947e-06,0.4540615153631994,3.3445491790771484
shadow,4,101,1e-05,67,469,7.5697550079643376e-06,0.6498821250029972,3.343492031097412
shadow,4,101,1e-05,68,476,7.502520408740418e-06,0.5164365512984139,3.3416547775268555
shadow,4,101,1e-05,69,483,7.43468068680349e-06,0.4584598349673407,3.339940309524536
shadow,4,101,1e-05,70,490,7.366252580589839e-06,0.5144980038915362,3.338641405105591
shadow,4,101,1e-05,71,497,7.297252973710756e-06,0.4908865179334368,3.33762788772583
shadow,4,101,1e-05,72,504,7.227698890786779e-06,0.45912310214979307,3.3359882831573486
shadow,4,101,1e-05,73,511,7.15760749324711e-06,0.4782619614686285,3.3344433307647705
shadow,4,101,1e-05,74,518,7.086996075095289e-06,0.7262101130826133,3.3329410552978516
shadow,4,101,1e-05,75,525,7.015882058642164e-06,0.6720396408012935,3.3309333324432373
shadow,4,101,1e-05,76,532,6.9442829902071945e-06,0.4649504188980375,3.3284835815429688
shadow,4,101,1e-05,77,539,6.8722165357891564e-06,0.48020162752696444,3.3267383575439453
shadow,4,101,1e-05,78,546,6.799700476707323e-06,0.4578570638384138,3.3252086639404297
shadow,4,101,1e-05,79,553,6.726752705214193e-06,0.47551593610218595,3.3231427669525146
shadow,4,101,1e-05,80,560,6.65339122008084e-06,0.4926488058907645,3.3210370540618896
shadow,4,101,1e-05,81,567,6.57963412215599e-06,0.44593751270856175,3.3199234008789062
shadow,4,101,1e-05,82,574,6.505499609899905e-06,0.45325835581336704,3.318758010864258
shadow,4,101,1e-05,83,581,6.431005974894185e-06,0.4542339529309954,3.3173248767852783
shadow,4,101,1e-05,84,588,6.356171597328595e-06,0.45352230966091156,3.315850019454956
shadow,4,101,1e-05,85,595,6.28101494146603e-06,0.4993741640022823,3.3144497871398926
shadow,4,101,1e-05,86,602,6.205554551086732e-06,0.5322908333369664,3.3128600120544434
shadow,4,101,1e-05,87,609,6.129809044912887e-06,0.44042424272213665,3.3115170001983643
shadow,4,101,1e-05,88,616,6.053797112014738e-06,0.45460276837859837,3.3097739219665527
shadow,4,101,1e-05,89,623,5.977537507199338e-06,0.4595873547451837,3.307201385498047
shadow,4,101,1e-05,90,630,5.901049046383077e-06,0.5046034242425647,3.3050410747528076
shadow,4,101,1e-05,91,637,5.824350601949143e-06,0.5008777337414878,3.302919626235962
shadow,4,101,1e-05,92,644,5.7474610980910354e-06,0.5508855070386615,3.301785945892334
shadow,4,101,1e-05,93,651,5.6703995061433075e-06,0.4151553639343807,3.3005259037017822
shadow,4,101,1e-05,94,658,5.5931848399006745e-06,0.5290610364505223,3.299010753631592
shadow,4,101,1e-05,95,665,5.515836150926646e-06,0.4452877624758652,3.2979040145874023
shadow,4,101,1e-05,96,672,5.438372523852833e-06,0.41853913727339076,3.296847105026245
shadow,4,101,1e-05,97,679,5.360813071670101e-06,0.7737177780696324,3.2960548400878906
shadow,4,101,1e-05,98,686,5.283176931012731e-06,0.4103452184769724,3.2949037551879883
shadow,4,101,1e-05,99,693,5.205483257436735e-06,0.7328567377158574,3.294544219970703
shadow,4,101,1e-05,100,700,5.127751220693512e-06,0.429444177874497,3.293771505355835
shadow,4,101,1e-05,101,707,5.05e-06,0.5199243085724967,3.293893337249756
shadow,4,101,1e-05,102,714,4.972248779306488e-06,0.4604419044085911,3.2933437824249268
shadow,4,101,1e-05,103,721,4.8945167425632645e-06,0.4880465567111969,3.291527032852173
shadow,4,101,1e-05,104,728,4.816823068987269e-06,0.43498801059987663,3.289673089981079
shadow,4,101,1e-05,105,735,4.7391869283298985e-06,0.5546635261603764,3.288564443588257
shadow,4,101,1e-05,106,742,4.661627476147168e-06,0.4453915421451841,3.287706136703491
shadow,4,101,1e-05,107,749,4.584163849073354e-06,0.4325487869126456,3.2868988513946533
shadow,4,101,1e-05,108,756,4.506815160099326e-06,0.4255586032356535,3.285844326019287
shadow,4,101,1e-05,109,763,4.429600493856694e-06,0.563397250005177,3.2841622829437256
shadow,4,101,1e-05,110,770,4.352538901908967e-06,0.4802319492612566,3.284804105758667
shadow,4,101,1e-05,111,777,4.275649398050858e-06,0.492000550031662,3.287792921066284
shadow,4,101,1e-05,112,784,4.198950953616922e-06,0.49458509257861544,3.2834079265594482
shadow,4,101,1e-05,113,791,4.122462492800663e-06,0.493542275258473,3.2820487022399902
shadow,4,101,1e-05,114,798,4.046202887985263e-06,0.44942014132227215,3.2832486629486084
shadow,4,101,1e-05,115,805,3.970190955087116e-06,0.48405865686280386,3.2783429622650146
shadow,4,101,1e-05,116,812,3.894445448913268e-06,0.41023945276226315,3.2729620933532715
shadow,4,101,1e-05,117,819,3.818985058533969e-06,0.4344566911458969,3.271679401397705
shadow,4,101,1e-05,118,826,3.7438284026714044e-06,0.6866921356746128,3.27118182182312
shadow,4,101,1e-05,119,833,3.6689940251058153e-06,0.609639048576355,3.2706351280212402
shadow,4,101,1e-05,120,840,3.594500390100096e-06,0.4573686697653362,3.2692618370056152
shadow,4,101,1e-05,121,847,3.5203658778440116e-06,0.39396389733467785,3.267319440841675
shadow,4,101,1e-05,122,854,3.4466087799191603e-06,0.5180923598153251,3.2662744522094727
shadow,4,101,1e-05,123,861,3.3732472947858077e-06,0.3938395025740777,3.2651195526123047
shadow,4,101,1e-05,124,868,3.300299523292678e-06,0.4602335084761892,3.2643070220947266
shadow,4,101,1e-05,125,875,3.227783464210845e-06,0.39482660059417996,3.263537645339966
shadow,4,101,1e-05,126,882,3.155717009792807e-06,0.4107051103242806,3.2630982398986816
shadow,4,101,1e-05,127,889,3.0841179413578354e-06,0.3969488798507622,3.2683157920837402
shadow,4,101,1e-05,128,896,3.0130039249047117e-06,0.384022021400077,3.2680790424346924
shadow,4,101,1e-05,129,903,2.9423925067528904e-06,0.38777521359069006,3.2673442363739014
shadow,4,101,1e-05,130,910,2.87230110921322e-06,0.6685099388871875,3.268089771270752
shadow,4,101,1e-05,131,917,2.8027470262892435e-06,0.444726824760437,3.269188165664673
shadow,4,101,1e-05,132,924,2.7337474194101625e-06,0.735822537115642,3.2682600021362305
shadow,4,101,1e-05,133,931,2.6653193131965085e-06,0.6038279831409454,3.265448808670044
shadow,4,101,1e-05,134,938,2.5974795912595824e-06,0.4729409771306174,3.2654449939727783
shadow,4,101,1e-05,135,945,2.530244992035662e-06,0.40085889611925396,3.2630860805511475
shadow,4,101,1e-05,136,952,2.4636321046560533e-06,0.4549652934074402,3.261357069015503
shadow,4,101,1e-05,137,959,2.3976573648539653e-06,0.5584412217140198,3.259935140609741
shadow,4,101,1e-05,138,966,2.332337050909247e-06,0.3979222465838705,3.2592735290527344
shadow,4,101,1e-05,139,973,2.267687279631953e-06,0.3776196555367538,3.257054090499878
shadow,4,101,1e-05,140,980,2.2037240023857708e-06,0.41016508425985065,3.2580931186676025
shadow,4,101,1e-05,141,987,2.1404630011522584e-06,0.4151915673698698,3.261136770248413
shadow,4,101,1e-05,142,994,2.0779198846368745e-06,0.42733094096183777,3.261274814605713
shadow,4,101,1e-05,143,1001,2.0161100844177658e-06,0.4322939781205995,3.262608289718628
shadow,4,101,1e-05,144,1008,1.9550488511382593e-06,0.66942041686603,3.261794090270996
shadow,4,101,1e-05,145,1015,1.894751250743986e-06,0.4294532441667148,3.2593767642974854
shadow,4,101,1e-05,146,1022,1.8352321607655916e-06,0.4542190432548523,3.258333444595337
shadow,4,101,1e-05,147,1029,1.7765062666479242e-06,0.5051112260137286,3.255580186843872
shadow,4,101,1e-05,148,1036,1.7185880581266217e-06,0.41998959864888874,3.2561962604522705
shadow,4,101,1e-05,149,1043,1.6614918256529908e-06,0.48164795551981243,3.255732774734497
shadow,4,101,1e-05,150,1050,1.6052316568680442e-06,0.45885426231793,3.2559142112731934
shadow,4,101,1e-05,151,1057,1.5498214331265902e-06,0.54353609255382,3.2564451694488525
shadow,4,101,1e-05,152,1064,1.495274826072216e-06,0.522998741694859,3.2573280334472656
shadow,4,101,1e-05,153,1071,1.441605294264014e-06,0.4647237615925925,3.2557241916656494
shadow,4,101,1e-05,154,1078,1.3888260798558817e-06,0.46381100160734995,3.2539477348327637
shadow,4,101,1e-05,155,1085,1.3369502053292252e-06,0.39852224928992136,3.252840518951416
shadow,4,101,1e-05,156,1092,1.285990470279847e-06,0.43011799341599855,3.25132417678833
shadow,4,101,1e-05,157,1099,1.2359594482598438e-06,0.6083459811551231,3.250067710876465
shadow,4,101,1e-05,158,1106,1.1868694836752686e-06,0.4067642465233803,3.248710870742798
shadow,4,101,1e-05,159,1113,1.1387326887403326e-06,0.41461145877838135,3.2478220462799072
shadow,4,101,1e-05,160,1120,1.0915609404889017e-06,0.4518894638334002,3.2472023963928223
shadow,4,101,1e-05,161,1127,1.0453658778440107e-06,0.597571632691792,3.247164726257324
shadow,4,101,1e-05,162,1134,1.0001588987461348e-06,0.5164678394794464,3.246706962585449
shadow,4,101,1e-05,163,1141,9.559511573409195e-07,0.44034330546855927,3.246438980102539
shadow,4,101,1e-05,164,1148,9.127535612270632e-07,0.4217472587312971,3.2477011680603027
shadow,4,101,1e-05,165,1155,8.705767687650265e-07,0.40653303052697864,3.2477567195892334
shadow,4,101,1e-05,166,1162,8.294311864472448e-07,0.45271081158093046,3.248305559158325
shadow,4,101,1e-05,167,1169,7.893269663304784e-07,0.437051134450095,3.2487759590148926
shadow,4,101,1e-05,168,1176,7.50274003530953e-07,0.49439030034201487,3.248131275177002
shadow,4,101,1e-05,169,1183,7.122819337828752e-07,0.4579934520380838,3.2484965324401855
shadow,4,101,1e-05,170,1190,6.753601310609673e-07,0.3752283276990056,3.2476820945739746
shadow,4,101,1e-05,171,1197,6.395177052675794e-07,0.44175377062388826,3.2475130558013916
shadow,4,101,1e-05,172,1204,6.047634999849531e-07,0.4767285883426666,3.247309684753418
shadow,4,101,1e-05,173,1211,5.711060902932043e-07,0.4592119242463793,3.2470638751983643
shadow,4,101,1e-05,174,1218,5.385537806545469e-07,0.474567528281893,3.2464394569396973
shadow,4,101,1e-05,175,1225,5.071146028642944e-07,0.3954271695443562,3.245675563812256
shadow,4,101,1e-05,176,1232,4.7679631406913176e-07,0.3820413404277393,3.2451741695404053
shadow,4,101,1e-05,177,1239,4.4760639485315585e-07,0.47287969078336445,3.245037794113159
shadow,4,101,1e-05,178,1246,4.195520473921565e-07,0.5704445966652462,3.2449281215667725
shadow,4,101,1e-05,179,1253,3.92640193676584e-07,0.40287862505231586,3.2445154190063477
shadow,4,101,1e-05,180,1260,3.668774738036508e-07,0.5433401891163417,3.244563102722168
shadow,4,101,1e-05,181,1267,3.4227024433899004e-07,0.39301762197698864,3.244701385498047
shadow,4,101,1e-05,182,1274,3.188245767482659e-07,0.4858949077980859,3.2447669506073
shadow,4,101,1e-05,183,1281,2.9654625589913237e-07,0.4305420092173985,3.2446999549865723
shadow,4,101,1e-05,184,1288,2.754407786339001e-07,0.5457930650029864,3.2447147369384766
shadow,4,101,1e-05,185,1295,2.555133524132767e-07,0.4690322279930115,3.2445201873779297
shadow,4,101,1e-05,186,1302,2.3676889403150103e-07,0.4055163913539478,3.2442123889923096
shadow,4,101,1e-05,187,1309,2.1921202840320077e-07,0.37863450178078245,3.2440431118011475
shadow,4,101,1e-05,188,1316,2.0284708742225901e-07,0.3769939346592374,3.243959426879883
shadow,4,101,1e-05,189,1323,1.8767810889299085e-07,0.44857963068144663,3.243854284286499
shadow,4,101,1e-05,190,1330,1.7370883553386935e-07,0.48588513902255465,3.2438979148864746
shadow,4,101,1e-05,191,1337,1.609427140540686e-07,0.39398125984839033,3.243823528289795
shadow,4,101,1e-05,192,1344,1.493828943030402e-07,0.5110230701310294,3.2436957359313965
shadow,4,101,1e-05,193,1351,1.3903222849333507e-07,0.4031256700732878,3.243614435195923
shadow,4,101,1e-05,194,1358,1.2989327049686101e-07,0.4045227136729019,3.243799924850464
shadow,4,101,1e-05,195,1365,1.2196827521475402e-07,0.4622091565813337,3.2439374923706055
shadow,4,101,1e-05,196,1372,1.1525919802101659e-07,0.7250362166336605,3.2440097332000732
shadow,4,101,1e-05,197,1379,1.097676942800558e-07,0.44693540249552044,3.244198799133301
shadow,4,101,1e-05,198,1386,1.0549511893824898e-07,0.41009194936071125,3.2442739009857178
shadow,4,101,1e-05,199,1393,1.0244252618962859e-07,0.4413714451449258,3.244405746459961
shadow,4,101,1e-05,200,1400,1.006106692157801e-07,0.41635579828705105,3.244438648223877
shadow,4,101,0.0001,1,7,0.0001,0.49630161425946945,3.394536018371582
shadow,4,101,0.0001,2,14,9.99938933078422e-05,0.48446646465786863,3.3893420696258545
shadow,4,101,0.0001,3,21,9.997557473810373e-05,0.6058055928775242,3.387164831161499
shadow,4,101,0.0001,4,28,9.994504881061753e-05,0.4976456546272467,3.439927577972412
shadow,4,101,0.0001,5,35,9.990232305719945e-05,0.48213348085326807,3.383132219314575
shadow,4,101,0.0001,6,42,9.984740801978984e-05,0.5390945843287877,3.3762269020080566
shadow,4,101,0.0001,7,49,9.978031724785247e-05,0.509541718023164,3.381887435913086
shadow,4,101,0.0001,8,56,9.97010672950314e-05,0.46632540518684046,3.356422185897827
shadow,4,101,0.0001,9,63,9.960967771506667e-05,0.4840058407613209,3.356008529663086
shadow,4,101,0.0001,10,70,9.95061710569696e-05,0.4904057042939322,3.3298983573913574
shadow,4,101,0.0001,11,77,9.939057285945933e-05,0.469778448343277,3.3012118339538574
shadow,4,101,0.0001,12,84,9.926291164466132e-05,0.4429951565606253,3.2953579425811768
shadow,4,101,0.0001,13,91,9.91232189110701e-05,0.4245742367846625,3.234760046005249
shadow,4,101,0.0001,14,98,9.897152912577741e-05,0.4167759330011904,3.1967103481292725
shadow,4,101,0.0001,15,105,9.8807879715968e-05,0.6021868671689715,3.5125672817230225
shadow,4,101,0.0001,16,112,9.8632311059685e-05,0.6030649627958026,3.368062973022461
shadow,4,101,0.0001,17,119,9.844486647586725e-05,0.5172536458287921,3.3348488807678223
shadow,4,101,0.0001,18,126,9.824559221366101e-05,0.40943099345479694,3.2787907123565674
shadow,4,101,0.0001,19,133,9.803453744100869e-05,0.45702693717820303,3.3087713718414307
shadow,4,101,0.0001,20,140,9.781175423251735e-05,0.3629938555615289,3.184422731399536
shadow,4,101,0.0001,21,147,9.757729755661011e-05,0.32682269705193384,3.429755926132202
shadow,4,101,0.0001,22,154,9.73312252619635e-05,0.4695281386375427,3.2365360260009766
shadow,4,101,0.0001,23,161,9.707359806323417e-05,0.3957064322062901,3.1060187816619873
shadow,4,101,0.0001,24,168,9.680447952607845e-05,0.5170843388353076,3.2145121097564697
shadow,4,101,0.0001,25,175,9.652393605146844e-05,0.359006184552397,3.370922565460205
shadow,4,101,0.0001,26,182,9.623203685930869e-05,0.35348932232175556,3.154710531234741
shadow,4,101,0.0001,27,189,9.592885397135707e-05,0.35296797326632906,3.21710467338562
shadow,4,101,0.0001,28,196,9.561446219345454e-05,0.30889641150965225,3.1595451831817627
shadow,4,101,0.0001,29,203,9.528893909706797e-05,0.36149783219609943,3.174966335296631
shadow,4,101,0.0001,30,210,9.495236500015047e-05,0.3276714448417936,3.113454580307007
shadow,4,101,0.0001,31,217,9.460482294732421e-05,0.3700961470603943,3.3714293241500854
shadow,4,101,0.0001,32,224,9.424639868939033e-05,0.3355300547555089,3.1256535053253174
shadow,4,101,0.0001,33,231,9.387718066217124e-05,0.37255369978291647,3.349311351776123
shadow,4,101,0.0001,34,238,9.349725996469047e-05,0.30513374720300945,3.147101402282715
shadow,4,101,0.0001,35,245,9.310673033669521e-05,0.32662532159260343,3.1060903072357178
shadow,4,101,0.0001,36,252,9.270568813552756e-05,0.3263225959880011,3.208807945251465
shadow,4,101,0.0001,37,259,9.229423231234974e-05,0.3111742543322699,3.2158074378967285
shadow,4,101,0.0001,38,266,9.187246438772939e-05,0.4338739131178175,3.1807687282562256
shadow,4,101,0.0001,39,273,9.14404884265908e-05,0.2717392641518797,3.059497117996216
shadow,4,101,0.0001,40,280,9.099841101253866e-05,0.3197174774748938,3.3271028995513916
shadow,4,101,0.0001,41,287,9.05463412215599e-05,0.33764645883015226,2.9994101524353027
shadow,4,101,0.0001,42,294,9.0084390595111e-05,0.34645168483257294,3.1105611324310303
shadow,4,101,0.0001,43,301,8.961267311259666e-05,0.2500010798020022,3.00602126121521
shadow,4,101,0.0001,44,308,8.913130516324733e-05,0.35468514476503643,3.065009593963623
shadow,4,101,0.0001,45,315,8.864040551740158e-05,0.2843485953552382,3.002575159072876
shadow,4,101,0.0001,46,322,8.814009529720155e-05,0.31416454911231995,3.252878427505493
shadow,4,101,0.0001,47,329,8.763049794670775e-05,0.4560451252119882,2.993546724319458
shadow,4,101,0.0001,48,336,8.711173920144117e-05,0.26489443491612163,3.0627007484436035
shadow,4,101,0.0001,49,343,8.658394705735987e-05,0.2839516486440386,3.104550838470459
shadow,4,101,0.0001,50,350,8.604725173927785e-05,0.3001439039196287,3.014967679977417
shadow,4,101,0.0001,51,357,8.55017856687341e-05,0.40401547082832884,3.0239322185516357
shadow,4,101,0.0001,52,364,8.494768343131955e-05,0.29806550059999737,2.9601805210113525
shadow,4,101,0.0001,53,371,8.438508174347009e-05,0.3434363773890904,3.0088789463043213
shadow,4,101,0.0001,54,378,8.381411941873378e-05,0.24943869481129305,2.9834580421447754
shadow,4,101,0.0001,55,385,8.323493733352077e-05,0.24215980725628988,3.014328122138977
shadow,4,101,0.0001,56,392,8.26476783923441e-05,0.25510144597085727,3.021169424057007
shadow,4,101,0.0001,57,399,8.205248749256015e-05,0.23416788769619806,3.0744316577911377
shadow,4,101,0.0001,58,406,8.144951148861742e-05,0.32760416184152874,3.077086091041565
shadow,4,101,0.0001,59,413,8.083889915582235e-05,0.2863891380173819,3.150598883628845
shadow,4,101,0.0001,60,420,8.022080115363127e-05,0.2684645503759384,3.057071328163147
shadow,4,101,0.0001,61,427,7.959536998847744e-05,0.22109504895550863,3.0487966537475586
shadow,4,101,0.0001,62,434,7.89627599761423e-05,0.24335889518260956,3.1292742490768433
shadow,4,101,0.0001,63,441,7.832312720368048e-05,0.302908114024571,3.0653743743896484
shadow,4,101,0.0001,64,448,7.767662949090753e-05,0.2425579439316477,3.122938871383667
shadow,4,101,0.0001,65,455,7.702342635146033e-05,0.2371998844402177,3.0652003288269043
shadow,4,101,0.0001,66,462,7.636367895343946e-05,0.2548002941267831,3.0894378423690796
shadow,4,101,0.0001,67,469,7.569755007964338e-05,0.3875978887081146,2.990886688232422
shadow,4,101,0.0001,68,476,7.502520408740418e-05,0.21033462057156221,2.938912510871887
shadow,4,101,0.0001,69,483,7.43468068680349e-05,0.23177611295666015,2.9804930686950684
shadow,4,101,0.0001,70,490,7.366252580589839e-05,0.20263114890881948,2.910399913787842
shadow,4,101,0.0001,71,497,7.297252973710757e-05,0.2150891462557151,2.9556891918182373
shadow,4,101,0.0001,72,504,7.22769889078678e-05,0.23393820013318742,2.9470629692077637
shadow,4,101,0.0001,73,511,7.15760749324711e-05,0.22637947648763657,2.9500207901000977
shadow,4,101,0.0001,74,518,7.086996075095289e-05,0.24927466149841035,2.942015767097473
shadow,4,101,0.0001,75,525,7.015882058642164e-05,0.2186519695179803,2.9279539585113525
shadow,4,101,0.0001,76,532,6.944282990207195e-05,0.20528134277888707,2.8968786001205444
shadow,4,101,0.0001,77,539,6.872216535789157e-05,0.22599713703883545,2.9647661447525024
shadow,4,101,0.0001,78,546,6.799700476707323e-05,0.20251319025244033,2.9417741298675537
shadow,4,101,0.0001,79,553,6.726752705214194e-05,0.1856366374662944,2.978348135948181
shadow,4,101,0.0001,80,560,6.65339122008084e-05,0.19776532080556666,3.079803228378296
shadow,4,101,0.0001,81,567,6.57963412215599e-05,0.21008486353925296,3.0073840618133545
shadow,4,101,0.0001,82,574,6.505499609899905e-05,0.18488394083189114,3.1339170932769775
shadow,4,101,0.0001,83,581,6.431005974894185e-05,0.19258118553885392,3.055113434791565
shadow,4,101,0.0001,84,588,6.356171597328596e-05,0.1909528664712395,3.0174262523651123
shadow,4,101,0.0001,85,595,6.281014941466031e-05,0.170005377727648,3.014678955078125
shadow,4,101,0.0001,86,602,6.205554551086733e-05,0.1994417267186301,3.0543713569641113
shadow,4,101,0.0001,87,609,6.129809044912887e-05,0.15731228675161088,3.024218797683716
shadow,4,101,0.0001,88,616,6.053797112014738e-05,0.16917102205167925,3.034358263015747
shadow,4,101,0.0001,89,623,5.977537507199338e-05,0.22337102464267186,3.0410518646240234
shadow,4,101,0.0001,90,630,5.901049046383077e-05,0.19872816119875228,3.025537610054016
shadow,4,101,0.0001,91,637,5.8243506019491436e-05,0.2090764588543347,3.0168522596359253
shadow,4,101,0.0001,92,644,5.7474610980910354e-05,0.18306097175393785,3.0078999996185303
shadow,4,101,0.0001,93,651,5.6703995061433075e-05,0.21980400383472443,2.9802370071411133
shadow,4,101,0.0001,94,658,5.5931848399006745e-05,0.1735445974128587,2.98165500164032
shadow,4,101,0.0001,95,665,5.515836150926646e-05,0.20021805140588964,2.9943714141845703
shadow,4,101,0.0001,96,672,5.438372523852833e-05,0.18225404513733728,2.9494128227233887
shadow,4,101,0.0001,97,679,5.360813071670102e-05,0.389145233801433,2.938975214958191
shadow,4,101,0.0001,98,686,5.283176931012731e-05,0.1721349816237177,2.898102045059204
shadow,4,101,0.0001,99,693,5.205483257436735e-05,0.3348513032708849,2.8980830907821655
shadow,4,101,0.0001,100,700,5.127751220693513e-05,0.18710832404238836,2.862476110458374
shadow,4,101,0.0001,101,707,5.05e-05,0.204641264464174,2.8770079612731934
shadow,4,101,0.0001,102,714,4.972248779306489e-05,0.1815273676599775,2.8569185733795166
shadow,4,101,0.0001,103,721,4.894516742563265e-05,0.14494832339031355,2.9922311305999756
shadow,4,101,0.0001,104,728,4.816823068987269e-05,0.18635989539325237,2.9178035259246826
shadow,4,101,0.0001,105,735,4.739186928329899e-05,0.275632775255612,2.942552089691162
shadow,4,101,0.0001,106,742,4.661627476147168e-05,0.19035962969064713,2.9028587341308594
shadow,4,101,0.0001,107,749,4.584163849073354e-05,0.16033935992163606,2.903746485710144
shadow,4,101,0.0001,108,756,4.5068151600993264e-05,0.16063720021130784,2.8853691816329956
shadow,4,101,0.0001,109,763,4.429600493856695e-05,0.14241603229727065,2.9089887142181396
shadow,4,101,0.0001,110,770,4.352538901908967e-05,0.17044433525630406,2.930446743965149
shadow,4,101,0.0001,111,777,4.275649398050857e-05,0.14754201897553035,2.9467703104019165
shadow,4,101,0.0001,112,784,4.198950953616922e-05,0.1881169719355447,2.9209916591644287
shadow,4,101,0.0001,113,791,4.122462492800663e-05,0.23707429958241327,2.919706106185913
shadow,4,101,0.0001,114,798,4.046202887985264e-05,0.13962504749984614,2.916805386543274
shadow,4,101,0.0001,115,805,3.9701909550871155e-05,0.14300399167197092,2.9161221981048584
shadow,4,101,0.0001,116,812,3.8944454489132674e-05,0.16749961035592215,2.940706253051758
shadow,4,101,0.0001,117,819,3.818985058533969e-05,0.173683015363557,2.9475208520889282
shadow,4,101,0.0001,118,826,3.7438284026714043e-05,0.3360231172825609,2.9042774438858032
shadow,4,101,0.0001,119,833,3.668994025105816e-05,0.14037225382136448,2.941955804824829
shadow,4,101,0.0001,120,840,3.594500390100096e-05,0.12362247936835047,2.937520742416382
shadow,4,101,0.0001,121,847,3.520365877844012e-05,0.2085719874926976,2.965664863586426
shadow,4,101,0.0001,122,854,3.44660877991916e-05,0.16233378435884202,2.963388681411743
shadow,4,101,0.0001,123,861,3.373247294785808e-05,0.195472885455404,3.016880512237549
shadow,4,101,0.0001,124,868,3.300299523292678e-05,0.1989957754101072,2.965577244758606
shadow,4,101,0.0001,125,875,3.2277834642108455e-05,0.15684120516691888,2.9727702140808105
shadow,4,101,0.0001,126,882,3.155717009792807e-05,0.14243253510254103,3.0026895999908447
shadow,4,101,0.0001,127,889,3.084117941357835e-05,0.1724132682595934,2.9809597730636597
shadow,4,101,0.0001,128,896,3.013003924904712e-05,0.13110404182225466,3.0028107166290283
shadow,4,101,0.0001,129,903,2.9423925067528905e-05,0.14981360666986024,2.97181499004364
shadow,4,101,0.0001,130,910,2.87230110921322e-05,0.1693949859057154,2.9590569734573364
shadow,4,101,0.0001,131,917,2.8027470262892437e-05,0.18531970892633712,2.970500946044922
shadow,4,101,0.0001,132,924,2.7337474194101628e-05,0.3083065003156662,2.9638524055480957
shadow,4,101,0.001,1,7,0.001,0.6154787302948534,5.434831857681274
shadow,4,101,0.001,2,14,0.000999938933078422,0.7229669062154633,3.625821352005005
shadow,4,101,0.001,3,21,0.0009997557473810372,0.6585146316460201,3.446708917617798
shadow,4,101,0.001,4,28,0.0009994504881061753,0.6000798004014152,3.6188340187072754
shadow,4,101,0.001,5,35,0.0009990232305719944,0.5624064121927533,3.2741200923919678
shadow,4,101,0.001,6,42,0.0009984740801978985,0.4334067723580769,3.464869976043701
shadow,4,101,0.001,7,49,0.0009978031724785245,0.6463628581592015,3.361975908279419
shadow,4,101,0.001,8,56,0.000997010672950314,0.46350081477846417,3.9717226028442383
shadow,4,101,0.001,9,63,0.0009960967771506667,0.48757094144821167,3.380596876144409
shadow,4,101,0.001,10,70,0.000995061710569696,0.45502997296197073,3.050447463989258
shadow,4,101,0.001,11,77,0.0009939057285945933,0.36676768958568573,3.2163634300231934
shadow,4,101,0.001,12,84,0.000992629116446613,0.5504999160766602,4.109950542449951
shadow,4,101,0.001,13,91,0.000991232189110701,0.4422926264149802,3.130845785140991
shadow,4,101,0.001,14,98,0.0009897152912577741,0.3916882255247661,3.092991828918457
shadow,4,101,0.001,15,105,0.00098807879715968,0.46568082911627634,4.0696717500686646
shadow,4,101,0.001,16,112,0.00098632311059685,0.6633983509881156,3.5772814750671387
shadow,4,101,0.001,17,119,0.0009844486647586723,0.40649606926100595,3.063132166862488
shadow,4,101,0.001,18,126,0.00098245592213661,0.363274695617812,3.3539884090423584
shadow,4,101,0.001,19,133,0.0009803453744100868,0.45204046794346403,5.247193455696106
shadow,4,101,0.001,20,140,0.0009781175423251734,0.472022431237357,3.158317804336548
shadow,4,101,0.001,21,147,0.0009757729755661011,0.4252643585205078,2.940356969833374
shadow,4,101,0.001,22,154,0.0009733122526196349,0.3054165414401463,2.9224023818969727
shadow,4,101,0.001,23,161,0.0009707359806323416,0.2673897807087217,2.8914374113082886
shadow,4,101,0.001,24,168,0.0009680447952607845,0.40565329790115356,3.0088388919830322
shadow,4,101,0.001,25,175,0.0009652393605146844,0.30066310541172114,3.01963472366333
shadow,4,101,0.001,26,182,0.000962320368593087,0.3589314946106502,2.88294780254364
shadow,4,101,0.001,27,189,0.0009592885397135706,0.22947198139237507,3.113142251968384
shadow,4,101,0.001,28,196,0.0009561446219345453,0.3004092829568045,2.936789035797119
shadow,4,101,0.001,29,203,0.0009528893909706797,0.24118174399648393,4.08788800239563
shadow,4,101,0.001,30,210,0.0009495236500015047,0.4819927651967321,3.7064812183380127
shadow,4,101,0.001,31,217,0.0009460482294732421,0.378963332091059,2.7287659645080566
shadow,4,101,0.001,32,224,0.0009424639868939033,0.19882703080241168,2.8621749877929688
shadow,4,101,0.001,33,231,0.0009387718066217125,0.1785017746899809,3.6240651607513428
shadow,4,101,0.001,34,238,0.0009349725996469047,0.5254141645772117,4.625209212303162
shadow,4,101,0.001,35,245,0.0009310673033669522,0.3818200785400612,3.4392809867858887
shadow,4,101,0.001,36,252,0.0009270568813552756,0.34199834721429007,3.6973944902420044
shadow,4,101,0.001,37,259,0.0009229423231234975,0.23607842344790697,3.0739097595214844
shadow,4,101,0.001,38,266,0.0009187246438772938,0.2359689096254962,3.1973907947540283
shadow,4,101,0.001,39,273,0.0009144048842659081,0.24419006492410386,2.8903497457504272
shadow,4,101,0.001,40,280,0.0009099841101253866,0.1953282845871789,2.87176775932312
shadow,4,101,0.001,41,287,0.000905463412215599,0.19139919390103646,3.432618260383606
shadow,4,101,0.001,42,294,0.0009008439059511099,0.15532452799379826,2.8543763160705566
shadow,4,101,0.001,43,301,0.0008961267311259666,0.20394903953586305,3.369076132774353
shadow,4,101,0.001,44,308,0.0008913130516324732,0.17607946693897247,2.9900543689727783
shadow,4,101,0.001,45,315,0.0008864040551740157,0.17354493175766297,2.9909008741378784
shadow,4,101,0.001,46,322,0.0008814009529720154,0.3322946344103132,2.9537607431411743
shadow,4,101,0.001,47,329,0.0008763049794670775,0.18439895340374537,3.042280912399292
shadow,4,101,0.001,48,336,0.0008711173920144117,0.17506065113203867,4.2401111125946045
shadow,4,101,0.001,49,343,0.0008658394705735987,0.2681755337065884,2.9158167839050293
shadow,4,101,0.001,50,350,0.0008604725173927785,0.2157504079597337,2.8622772693634033
shadow,4,101,0.001,51,357,0.000855017856687341,0.5044561262641635,3.1952366828918457
shadow,4,101,0.001,52,364,0.0008494768343131955,0.19327870543513978,4.262846231460571
shadow,4,101,0.001,53,371,0.0008438508174347009,0.7344010642596653,3.224189877510071
shadow,4,101,0.001,54,378,0.0008381411941873378,0.2714085603864597,2.8820767402648926
shadow,4,101,0.001,55,385,0.0008323493733352077,0.23448422764028823,3.6251533031463623
shadow,4,101,0.001,56,392,0.000826476783923441,0.2068625063485732,2.8823440074920654
shadow,4,101,0.001,57,399,0.0008205248749256015,0.12832622336489813,3.2082326412200928
shadow,4,101,0.001,58,406,0.0008144951148861742,0.31463063188961576,2.880885124206543
shadow,4,101,0.001,59,413,0.0008083889915582234,0.1756920920951026,2.871362566947937
shadow,4,101,0.001,60,420,0.0008022080115363127,0.1582645938864776,2.75613796710968
shadow,4,101,0.001,61,427,0.0007959536998847743,0.14747977682522365,2.7540743350982666
shadow,4,101,0.01,1,7,0.01,209.91600061314446,651.4251499176025
shadow,4,101,0.01,2,14,0.00999938933078422,275.2717721121652,1802.287769317627
shadow,4,101,0.01,3,21,0.009997557473810372,475.1951250348772,5061.577987670898
shadow,4,101,0.01,4,28,0.009994504881061753,1361.8800310407366,7738.957748413086
shadow,4,101,0.01,5,35,0.009990232305719944,600.8372998918805,1060.7162590026855
shadow,4,101,0.01,6,42,0.009984740801978984,340.2194366455078,2159.2104682922363
shadow,4,101,0.01,7,49,0.009978031724785246,149.5318707738604,42.38006281852722
shadow,4,101,0.01,8,56,0.00997010672950314,42.28267124720982,656.6514739990234
shadow,4,101,0.01,9,63,0.009960967771506667,64.01882771083287,124.82831144332886
shadow,4,101,0.01,10,70,0.00995061710569696,17.639524817466736,3.4246444702148438
shadow,4,101,0.01,11,77,0.009939057285945933,6.101537244660514,140.04976415634155
shadow,4,101,0.01,12,84,0.00992629116446613,17.591266214847565,3.40625
shadow,4,101,0.01,13,91,0.00991232189110701,0.4992440864443779,3.40625
shadow,4,101,0.01,14,98,0.00989715291257774,0.5771540360791343,3.40625
shadow,4,101,0.01,15,105,0.0098807879715968,0.7302167415618896,3.40625
shadow,4,101,0.01,16,112,0.0098632311059685,0.7416205193315234,3.40625
shadow,4,101,0.01,17,119,0.009844486647586723,0.6325489069734301,3.40625
shadow,4,101,0.01,18,126,0.0098245592213661,0.5698857137135097,3.40625
shadow,4,101,0.01,19,133,0.009803453744100868,0.5160394821848188,3.40625
shadow,4,101,0.01,20,140,0.009781175423251734,0.5273087961333138,3.40625
shadow,4,101,0.01,21,147,0.009757729755661011,0.6652058405535561,3.40625
shadow,4,101,0.01,22,154,0.009733122526196349,0.7163199016026088,3.40625
shadow,4,101,0.01,23,161,0.009707359806323416,0.6070377954414913,3.40625
shadow,4,101,0.01,24,168,0.009680447952607845,0.5150807414736066,3.40625
shadow,4,101,0.01,25,175,0.009652393605146845,0.49405566496508463,3.40625
shadow,4,101,0.01,26,182,0.00962320368593087,0.4909989767308746,3.40625
shadow,4,101,0.01,27,189,0.009592885397135707,0.4961828924715519,3.40625
shadow,4,101,0.01,28,196,0.009561446219345454,0.49484571867755484,3.40625
shadow,4,101,0.01,29,203,0.009528893909706798,0.5031430795788765,3.40625
shadow,4,101,0.01,30,210,0.009495236500015047,0.49547749970640453,3.40625
shadow,4,101,0.01,31,217,0.00946048229473242,0.515116559607642,3.40625
shadow,4,101,0.01,32,224,0.009424639868939034,0.5596776008605957,3.40625
shadow,4,101,0.01,33,231,0.009387718066217124,0.48903797487063067,3.40625
shadow,4,101,0.01,34,238,0.009349725996469048,0.6495572541441236,3.40625
shadow,4,101,0.01,35,245,0.00931067303366952,0.5415084447179522,3.40625
shadow,4,101,0.01,36,252,0.009270568813552756,0.6298437373978751,3.40625
shadow,4,101,0.01,37,259,0.009229423231234974,0.6027797886303493,3.40625
shadow,4,101,0.01,38,266,0.009187246438772938,0.7649640568665096,3.40625
shadow,4,101,0.01,39,273,0.009144048842659082,0.625053060906274,3.40625
shadow,4,101,0.01,40,280,0.009099841101253866,0.6536775486809867,3.40625
shadow,4,101,0.01,41,287,0.00905463412215599,0.48890853420432123,3.40625
shadow,4,101,0.01,42,294,0.0090084390595111,0.5432459797177996,3.40625
